"Trib" "RunYr" "Wk" "TribInd" "YrInd" "WkInd" "Rel1" "Recap1" "mr_flow"
"battle creek_ubc" 2003 4 1 1 13 168 0 2.21813259041945
"battle creek_ubc" 2003 5 1 1 14 612 47 0.500881662179465
"battle creek_ubc" 2003 6 1 1 15 417 23 -0.079603206445703
"battle creek_ubc" 2003 7 1 1 16 780 53 0.606974449148485
"battle creek_ubc" 2003 8 1 1 17 736 22 0.0426253656136621
"battle creek_ubc" 2003 9 1 1 18 492 37 -0.449919474269125
"battle creek_ubc" 2003 10 1 1 19 717 41 -0.59554493470949
"battle creek_ubc" 2003 11 1 1 20 659 29 2.06806978907924
"battle creek_ubc" 2003 12 1 1 21 131 6 0.180182933508854
"battle creek_ubc" 2003 13 1 1 22 70 1 1.15801150998377
"battle creek_ubc" 2003 14 1 1 23 99 4 0.625530602002382
"battle creek_ubc" 2003 15 1 1 24 84 4 1.03457275404263
"battle creek_ubc" 2003 16 1 1 25 266 10 0.379459879374618
"battle creek_ubc" 2003 17 1 1 26 258 8 2.46904404857432
"battle creek_ubc" 2004 3 1 2 12 147 15 -0.500747197303712
"battle creek_ubc" 2004 5 1 2 14 815 88 0.597696372721536
"battle creek_ubc" 2004 6 1 2 15 390 21 -0.175611127733257
"battle creek_ubc" 2004 7 1 2 16 799 86 2.81798040115303
"battle creek_ubc" 2004 9 1 2 18 282 19 3.6413088353879
"battle creek_ubc" 2004 10 1 2 19 300 27 0.617462709457209
"battle creek_ubc" 2004 11 1 2 20 875 72 0.719924944780901
"battle creek_ubc" 2004 13 1 2 22 269 26 0.525488734442242
"battle creek_ubc" 2004 14 1 2 23 272 6 0.257634701942512
"battle creek_ubc" 2004 15 1 2 24 157 2 0.201966243380821
"battle creek_ubc" 2004 16 1 2 25 597 12 0.0309269214231615
"battle creek_ubc" 2005 1 1 3 10 105 4 -0.03926374371984
"battle creek_ubc" 2005 2 1 3 11 221 6 -0.792401512811702
"battle creek_ubc" 2005 3 1 3 12 380 16 -0.381342387635158
"battle creek_ubc" 2005 4 1 3 13 791 17 -0.0146566714570635
"battle creek_ubc" 2005 5 1 3 14 861 25 -0.839598684200961
"battle creek_ubc" 2005 6 1 3 15 814 35 -0.74883489306777
"battle creek_ubc" 2005 7 1 3 16 848 65 -0.30711777621957
"battle creek_ubc" 2005 8 1 3 17 839 69 -0.263551156475638
"battle creek_ubc" 2005 9 1 3 18 676 33 -0.271215654393552
"battle creek_ubc" 2005 10 1 3 19 912 68 -0.480577465940781
"battle creek_ubc" 2005 11 1 3 20 318 21 -0.546734184811196
"battle creek_ubc" 2005 12 1 3 21 225 6 -0.129624140225773
"battle creek_ubc" 2005 13 1 3 22 237 9 -0.344230081927364
"battle creek_ubc" 2005 14 1 3 23 350 24 0.0204386611144375
"battle creek_ubc" 2005 15 1 3 24 554 25 -0.317202641901036
"battle creek_ubc" 2005 16 1 3 25 89 7 -0.341002924909295
"battle creek_ubc" 2005 17 1 3 26 100 2 -0.292595569638259
"battle creek_ubc" 2005 18 1 3 27 113 4 2.16569128887583
"battle creek_ubc" 2005 19 1 3 28 65 1 1.29193852623364
"battle creek_ubc" 2006 5 1 4 14 197 3 4.44487093288709
"battle creek_ubc" 2006 6 1 4 15 507 19 0.990602739671442
"battle creek_ubc" 2006 7 1 4 16 410 12 0.425446866882102
"battle creek_ubc" 2006 8 1 4 17 425 16 4.50699370548492
"battle creek_ubc" 2006 12 1 4 21 464 12 2.03660500815307
"battle creek_ubc" 2008 52 1 5 8 249 6 -1.06227251844772
"battle creek_ubc" 2008 1 1 5 10 254 4 0.443196230481481
"battle creek_ubc" 2008 2 1 5 11 1578 54 -0.579409149619145
"battle creek_ubc" 2008 3 1 5 12 1245 49 -0.795225275202512
"battle creek_ubc" 2008 4 1 5 13 1033 26 0.592048847939916
"battle creek_ubc" 2008 5 1 5 14 1218 43 -0.359962472390451
"battle creek_ubc" 2008 6 1 5 15 1205 30 -0.789577750420891
"battle creek_ubc" 2008 7 1 5 16 1209 92 -0.875097411399721
"battle creek_ubc" 2008 8 1 5 17 1204 29 0.143070627801061
"battle creek_ubc" 2008 9 1 5 18 1221 35 -0.537456108384248
"battle creek_ubc" 2008 10 1 5 19 981 21 -0.665735599852492
"battle creek_ubc" 2008 11 1 5 20 1215 24 -0.532211978229886
"battle creek_ubc" 2008 12 1 5 21 1392 48 -0.528715891460309
"battle creek_ubc" 2008 13 1 5 22 754 27 -0.573089300458758
"battle creek_ubc" 2008 14 1 5 23 607 20 -0.65161678789844
"battle creek_ubc" 2008 15 1 5 24 309 33 -0.613697692936129
"battle creek_ubc" 2009 52 1 6 8 506 12 -1.0937372993739
"battle creek_ubc" 2009 1 1 6 10 508 16 -1.11552060924586
"battle creek_ubc" 2009 2 1 6 11 1007 36 -1.16191099138061
"battle creek_ubc" 2009 3 1 6 12 1005 38 -1.14859896868107
"battle creek_ubc" 2009 4 1 6 13 2004 52 -0.525959361507377
"battle creek_ubc" 2009 5 1 6 14 2391 104 -1.02112626646734
"battle creek_ubc" 2009 6 1 6 15 3046 177 -0.870256675872617
"battle creek_ubc" 2009 7 1 6 16 1595 43 -0.420875061106504
"battle creek_ubc" 2009 8 1 6 17 1503 58 0.710781333229704
"battle creek_ubc" 2009 9 1 6 18 1318 68 2.50454277577308
"battle creek_ubc" 2009 10 1 6 19 1018 35 0.103537954329715
"battle creek_ubc" 2009 11 1 6 20 2236 90 -0.158345837686587
"battle creek_ubc" 2009 12 1 6 21 2335 102 -0.260323999457569
"battle creek_ubc" 2009 13 1 6 22 2017 87 -0.396671383470986
"battle creek_ubc" 2009 14 1 6 23 2030 64 -0.552381709592817
"battle creek_ubc" 2009 15 1 6 24 995 20 -0.620958796226784
"battle creek_ubc" 2010 1 1 7 10 1511 74 -1.19458595618856
"battle creek_ubc" 2010 2 1 7 11 516 47 -0.316799247273777
"battle creek_ubc" 2010 3 1 7 12 505 47 1.87282678948606
"battle creek_ubc" 2010 5 1 7 14 1008 40 1.01278944417067
"battle creek_ubc" 2010 6 1 7 15 1858 125 -0.322850166682657
"battle creek_ubc" 2010 8 1 7 17 1394 173 0.460945594080861
"battle creek_ubc" 2011 2 1 8 11 1018 70 -0.173997549224222
"battle creek_ubc" 2011 3 1 8 12 1296 94 -0.539069686893282
"battle creek_ubc" 2011 4 1 8 13 2015 159 -0.596755118591266
"battle creek_ubc" 2011 5 1 8 14 1995 146 -0.671786519261371
"battle creek_ubc" 2011 7 1 8 16 987 46 -0.295822726656328
"battle creek_ubc" 2011 8 1 8 17 1123 72 -0.161088921151946
"battle creek_ubc" 2011 9 1 8 18 995 52 1.74696766578137
"battle creek_ubc" 2012 2 1 9 11 625 61 -1.20023348097018
"battle creek_ubc" 2012 3 1 9 12 383 37 1.56947402978758
"battle creek_ubc" 2012 4 1 9 13 1217 107 -0.628542615219246
"battle creek_ubc" 2012 5 1 9 14 1229 173 -0.925118345179791
"battle creek_ubc" 2012 6 1 9 15 655 63 -0.709705614223683
"battle creek_ubc" 2012 7 1 9 16 607 56 -0.929152291452377
"battle creek_ubc" 2012 8 1 9 17 602 75 -0.981593592995999
"battle creek_ubc" 2012 9 1 9 18 620 46 -0.971912121941792
"battle creek_ubc" 2012 10 1 9 19 590 55 -0.96949175417824
"battle creek_ubc" 2012 12 1 9 21 496 23 0.118060160911026
"battle creek_ubc" 2013 4 1 10 13 406 31 -0.185292598787464
"battle creek_ubc" 2013 5 1 10 14 373 29 -0.408773222288745
"battle creek_ubc" 2013 6 1 10 15 509 30 -0.44830589576009
"battle creek_ubc" 2013 7 1 10 16 388 18 -0.561256391392507
"battle creek_ubc" 2013 8 1 10 17 351 38 -0.634674213553577
"battle creek_ubc" 2013 9 1 10 18 345 25 -0.572551440955749
"battle creek_ubc" 2014 6 1 11 15 980 108 -0.493486094013057
"battle creek_ubc" 2014 8 1 11 17 536 41 -1.16231438600787
"battle creek_ubc" 2016 51 1 12 7 134 4 0.374619143847514
"battle creek_ubc" 2016 2 1 12 11 271 7 3.44848620355827
"battle creek_ubc" 2016 11 1 12 20 996 24 1.50493088942619
"battle creek_ubc" 2017 52 1 13 8 981 31 0.218908817725683
"battle creek_ubc" 2017 4 1 13 13 523 33 0.512580106369966
"battle creek_ubc" 2017 5 1 13 14 554 21 1.78165960372561
"battle creek_ubc" 2018 3 1 14 12 333 11 0.334279681121651
"battle creek_ubc" 2018 5 1 14 14 411 25 -0.453146631287194
"battle creek_ubc" 2018 11 1 14 20 402 18 0.493217164261551
"battle creek_ubc" 2018 14 1 14 23 499 21 4.90474080796193
"battle creek_ubc" 2019 1 1 15 10 224 25 -0.30711777621957
"battle creek_ubc" 2019 6 1 15 15 300 22 0.565828197168105
"battle creek_ubc" 2020 5 1 16 14 208 1 -0.179645074005843
"battle creek_ubc" 2020 6 1 16 15 906 43 -0.84282584121903
"battle creek_ubc" 2020 8 1 16 17 1143 16 -0.929959080706894
"battle creek_ubc" 2021 45 1 17 1 332 47 -1.28171919567642
"battle creek_ubc" 2021 46 1 17 2 336 42 -1.27365130313125
"battle creek_ubc" 2021 51 1 17 7 295 10 -1.17845017109821
"clear creek_lcc" 2003 4 2 1 13 996 83 0.278005582137682
"clear creek_lcc" 2003 5 2 1 14 2007 88 2.74997062748303
"clear creek_lcc" 2003 6 2 1 15 1997 99 -0.286917177532654
"clear creek_lcc" 2003 7 2 1 16 1976 83 -0.372511535058463
"clear creek_lcc" 2003 8 2 1 17 1879 72 -0.149966205491361
"clear creek_lcc" 2003 9 2 1 18 983 87 -0.399901729466722
"clear creek_lcc" 2003 10 2 1 19 1857 141 -0.447834569681174
"clear creek_lcc" 2003 11 2 1 20 1615 123 -0.396477955165689
"clear creek_lcc" 2003 12 2 1 21 715 58 0.0828504469788383
"clear creek_lcc" 2003 13 2 1 22 276 18 -0.262950757425428
"clear creek_lcc" 2003 14 2 1 23 45 4 -0.393054180864657
"clear creek_lcc" 2003 15 2 1 24 175 4 -0.420444375272916
"clear creek_lcc" 2003 16 2 1 25 201 14 0.373871262566587
"clear creek_lcc" 2003 17 2 1 26 555 34 -0.0849144937717463
"clear creek_lcc" 2003 19 2 1 28 98 4 2.18847164211373
"clear creek_lcc" 2003 21 2 1 30 388 12 -0.256103208823363
"clear creek_lcc" 2004 49 2 2 5 14 3 -0.564242895916274
"clear creek_lcc" 2004 50 2 2 6 259 5 0.476584491597557
"clear creek_lcc" 2004 51 2 2 7 346 14 -0.393054180864657
"clear creek_lcc" 2004 3 2 2 12 247 13 0.099969318484
"clear creek_lcc" 2004 5 2 2 14 398 25 -0.249255660221299
"clear creek_lcc" 2004 6 2 2 15 395 23 0.0588840268716119
"clear creek_lcc" 2004 7 2 2 16 845 29 -0.112304688180005
"clear creek_lcc" 2004 9 2 2 18 398 11 0.661468303853304
"clear creek_lcc" 2004 10 2 2 19 799 24 1.57561604222894
"clear creek_lcc" 2004 11 2 2 20 693 15 0.000679863754062129
"clear creek_lcc" 2004 12 2 2 21 385 11 -0.249255660221299
"clear creek_lcc" 2004 13 2 2 22 368 7 -0.242408111619234
"clear creek_lcc" 2005 1 2 3 10 662 12 -0.0335578792562613
"clear creek_lcc" 2005 2 2 3 11 690 29 0.20268254751497
"clear creek_lcc" 2005 3 2 3 12 452 7 -0.36908776075743
"clear creek_lcc" 2005 4 2 3 13 855 11 0.31909087375007
"clear creek_lcc" 2005 5 2 3 14 835 32 -0.242408111619234
"clear creek_lcc" 2005 6 2 3 15 820 31 -0.434139472477045
"clear creek_lcc" 2005 7 2 3 16 759 26 -0.509462507099756
"clear creek_lcc" 2005 8 2 3 17 809 12 -0.0883382680727787
"clear creek_lcc" 2005 9 2 3 18 724 18 0.336209745255231
"clear creek_lcc" 2005 10 2 3 19 475 5 -0.276645854629557
"clear creek_lcc" 2005 11 2 3 20 92 2 -0.406749278068786
"clear creek_lcc" 2005 12 2 3 21 319 1 0.914827602129697
"clear creek_lcc" 2005 13 2 3 22 641 54 0.343057293857296
"clear creek_lcc" 2005 14 2 3 23 600 48 0.254039162030455
"clear creek_lcc" 2005 15 2 3 24 582 56 -0.0404054278583259
"clear creek_lcc" 2005 16 2 3 25 273 16 -0.256103208823363
"clear creek_lcc" 2005 17 2 3 26 120 9 -0.310883597639881
"clear creek_lcc" 2005 18 2 3 27 191 9 -0.259526983124396
"clear creek_lcc" 2005 19 2 3 28 96 3 0.120511964290194
"clear creek_lcc" 2006 51 2 4 7 186 8 0.606687915036786
"clear creek_lcc" 2006 3 2 4 12 392 14 0.31909087375007
"clear creek_lcc" 2006 4 2 4 13 803 32 -0.108880913878973
"clear creek_lcc" 2006 5 2 4 14 765 30 0.921675150731761
"clear creek_lcc" 2006 6 2 4 15 687 24 0.0314938324633532
"clear creek_lcc" 2006 7 2 4 16 393 23 -0.276645854629557
"clear creek_lcc" 2006 8 2 4 17 407 21 -0.358816437854333
"clear creek_lcc" 2006 9 2 4 18 396 12 0.599840366434721
"clear creek_lcc" 2006 10 2 4 19 415 10 0.661468303853304
"clear creek_lcc" 2006 11 2 4 20 412 12 1.74338098297952
"clear creek_lcc" 2006 12 2 4 21 299 11 0.853199664711115
"clear creek_lcc" 2006 13 2 4 22 140 4 0.709401144067756
"clear creek_lcc" 2006 14 2 4 23 177 4 1.86663685781669
"clear creek_lcc" 2006 16 2 4 25 135 2 1.07232121997718
"clear creek_lcc" 2007 1 2 18 10 398 29 -0.632718381936921
"clear creek_lcc" 2007 2 2 18 11 340 14 -0.598480638926597
"clear creek_lcc" 2007 4 2 18 13 401 30 -0.619023284732791
"clear creek_lcc" 2007 5 2 18 14 399 19 -0.632718381936921
"clear creek_lcc" 2007 6 2 18 15 778 25 -0.434139472477045
"clear creek_lcc" 2007 7 2 18 16 389 3 -0.235560563017169
"clear creek_lcc" 2007 8 2 18 17 832 27 0.483432040199622
"clear creek_lcc" 2007 9 2 18 18 405 12 0.0314938324633532
"clear creek_lcc" 2007 10 2 18 19 398 4 -0.365663986456398
"clear creek_lcc" 2007 11 2 18 20 398 9 -0.475224764089433
"clear creek_lcc" 2007 12 2 18 21 410 8 -0.523157604303886
"clear creek_lcc" 2007 13 2 18 22 396 15 -0.550547798712144
"clear creek_lcc" 2007 14 2 18 23 413 6 -0.584785541722468
"clear creek_lcc" 2007 15 2 18 24 396 10 -0.488919861293562
"clear creek_lcc" 2007 16 2 18 25 397 8 -0.475224764089433
"clear creek_lcc" 2007 17 2 18 26 415 17 -0.434139472477045
"clear creek_lcc" 2007 18 2 18 27 343 5 -0.523157604303886
"clear creek_lcc" 2007 20 2 18 29 302 13 -0.557395347314209
"clear creek_lcc" 2008 51 2 5 7 402 12 -0.557395347314209
"clear creek_lcc" 2008 2 2 5 11 798 24 0.195834998912905
"clear creek_lcc" 2008 3 2 5 12 797 45 -0.506038732798724
"clear creek_lcc" 2008 4 2 5 13 822 26 0.733367564174983
"clear creek_lcc" 2008 5 2 5 14 401 18 0.127359512892259
"clear creek_lcc" 2008 6 2 5 15 826 31 -0.00274391054697021
"clear creek_lcc" 2008 7 2 5 16 817 25 -0.321154920542978
"clear creek_lcc" 2008 8 2 5 17 804 32 -0.0575242993634876
"clear creek_lcc" 2008 9 2 5 18 798 33 0.48000826589859
"clear creek_lcc" 2008 10 2 5 19 772 49 -0.304036049037816
"clear creek_lcc" 2008 11 2 5 20 809 38 -0.430715698176013
"clear creek_lcc" 2008 12 2 5 21 401 14 -0.488919861293562
"clear creek_lcc" 2008 13 2 5 22 802 42 -0.533428927206983
"clear creek_lcc" 2008 14 2 5 23 805 40 -0.564242895916274
"clear creek_lcc" 2008 15 2 5 24 411 32 -0.557395347314209
"clear creek_lcc" 2009 51 2 6 7 402 36 -0.708041416559632
"clear creek_lcc" 2009 52 2 6 8 708 81 -0.574514218819371
"clear creek_lcc" 2009 1 2 6 10 795 56 -0.69092254505447
"clear creek_lcc" 2009 2 2 6 11 806 77 -0.615599510431759
"clear creek_lcc" 2009 3 2 6 12 785 23 -0.622447059033824
"clear creek_lcc" 2009 4 2 6 13 809 37 -0.622447059033824
"clear creek_lcc" 2009 5 2 6 14 801 44 -0.619023284732791
"clear creek_lcc" 2009 6 2 6 15 409 15 -0.625870833334856
"clear creek_lcc" 2009 7 2 6 16 410 10 -0.0232865563531642
"clear creek_lcc" 2009 8 2 6 17 800 46 0.0383413810654179
"clear creek_lcc" 2009 9 2 6 18 418 8 0.94906534514002
"clear creek_lcc" 2009 10 2 6 19 433 6 0.942217796537955
"clear creek_lcc" 2009 11 2 6 20 507 22 -0.235560563017169
"clear creek_lcc" 2009 12 2 6 21 511 38 0.435499199985169
"clear creek_lcc" 2009 13 2 6 22 1003 87 -0.290340951833687
"clear creek_lcc" 2009 14 2 6 23 491 37 -0.351968889252269
"clear creek_lcc" 2009 16 2 6 25 809 66 -0.372511535058463
"clear creek_lcc" 2009 17 2 6 26 441 39 -0.488919861293562
"clear creek_lcc" 2009 18 2 6 27 497 42 -0.557395347314209
"clear creek_lcc" 2009 19 2 6 28 318 14 1.46947903889694
"clear creek_lcc" 2009 20 2 6 29 233 16 -0.112304688180005
"clear creek_lcc" 2010 1 2 7 10 1465 66 -0.393054180864657
"clear creek_lcc" 2010 3 2 7 12 803 9 6.52296990722067
"clear creek_lcc" 2010 4 2 7 13 404 12 1.02438837976273
"clear creek_lcc" 2010 5 2 7 14 610 22 1.54480207351965
"clear creek_lcc" 2010 6 2 7 15 559 20 1.00384573395654
"clear creek_lcc" 2010 9 2 7 18 659 23 1.28459522664119
"clear creek_lcc" 2010 15 2 7 24 194 2 0.236920290525294
"clear creek_lcc" 2011 1 2 8 10 1055 57 -0.273222080328525
"clear creek_lcc" 2011 2 2 8 11 1194 74 -0.351968889252269
"clear creek_lcc" 2011 3 2 8 12 1263 104 -0.420444375272916
"clear creek_lcc" 2011 4 2 8 13 1191 64 -0.492343635594595
"clear creek_lcc" 2011 5 2 8 14 1174 73 -0.557395347314209
"clear creek_lcc" 2011 6 2 8 15 1206 115 -0.5882093160235
"clear creek_lcc" 2011 7 2 8 16 1192 69 0.747062661379112
"clear creek_lcc" 2011 8 2 8 17 1340 67 -0.109565668739179
"clear creek_lcc" 2011 9 2 8 18 1424 60 0.84635211610905
"clear creek_lcc" 2011 10 2 8 19 820 53 -0.0483942345607372
"clear creek_lcc" 2011 13 2 8 22 227 24 1.29829032384532
"clear creek_lcc" 2011 16 2 8 25 93 7 -0.215017917210975
"clear creek_lcc" 2012 52 2 9 8 445 26 0.0794266726778059
"clear creek_lcc" 2012 2 2 9 11 615 49 -0.632718381936921
"clear creek_lcc" 2012 3 2 9 12 630 23 -0.632718381936921
"clear creek_lcc" 2012 4 2 9 13 620 57 -0.317731146241945
"clear creek_lcc" 2012 5 2 9 14 600 38 -0.536852701508015
"clear creek_lcc" 2012 6 2 9 15 609 29 -0.523157604303886
"clear creek_lcc" 2012 7 2 9 16 594 54 -0.495767409895627
"clear creek_lcc" 2012 8 2 9 17 619 18 -0.550547798712144
"clear creek_lcc" 2012 9 2 9 18 617 40 -0.564242895916274
"clear creek_lcc" 2012 10 2 9 19 608 51 -0.557395347314209
"clear creek_lcc" 2012 11 2 9 20 1204 26 1.79816137179604
"clear creek_lcc" 2012 12 2 9 21 612 45 -0.262950757425428
"clear creek_lcc" 2012 13 2 9 22 540 36 1.69544814276507
"clear creek_lcc" 2012 14 2 9 23 587 48 0.40810900557691
"clear creek_lcc" 2012 15 2 9 24 469 21 1.11340651158957
"clear creek_lcc" 2013 2 2 10 11 846 42 -0.372511535058463
"clear creek_lcc" 2013 3 2 10 12 840 40 -0.475224764089433
"clear creek_lcc" 2013 4 2 10 13 623 22 -0.516310055701821
"clear creek_lcc" 2013 6 2 10 15 837 45 -0.564242895916274
"clear creek_lcc" 2013 7 2 10 16 838 56 -0.612175736130727
"clear creek_lcc" 2013 8 2 10 17 795 64 -0.605328187528662
"clear creek_lcc" 2013 9 2 10 18 824 62 -0.605328187528662
"clear creek_lcc" 2013 10 2 10 19 800 54 -0.536852701508015
"clear creek_lcc" 2013 11 2 10 20 792 58 -0.612175736130727
"clear creek_lcc" 2013 12 2 10 21 244 25 -0.577937993120403
"clear creek_lcc" 2013 13 2 10 22 224 14 -0.612175736130727
"clear creek_lcc" 2013 14 2 10 23 336 12 0.099969318484
"clear creek_lcc" 2013 15 2 10 24 371 13 4.14002299370216
"clear creek_lcc" 2013 16 2 10 25 206 17 -0.598480638926597
"clear creek_lcc" 2014 1 2 11 10 528 36 -0.701193867957567
"clear creek_lcc" 2014 2 2 11 11 493 39 -0.708041416559632
"clear creek_lcc" 2014 4 2 11 13 1049 57 -0.708041416559632
"clear creek_lcc" 2014 6 2 11 15 1040 44 -0.694346319355503
"clear creek_lcc" 2014 8 2 11 17 1014 23 -0.728584062365826
"clear creek_lcc" 2014 11 2 11 20 1030 59 -0.482072312691498
"clear creek_lcc" 2015 3 2 19 12 519 35 -0.673803673549309
"clear creek_lcc" 2015 5 2 19 14 316 17 -0.728584062365826
"clear creek_lcc" 2015 8 2 19 17 521 50 -0.194475271404781
"clear creek_lcc" 2015 10 2 19 19 390 42 -0.54370025011008
"clear creek_lcc" 2016 47 2 12 3 149 15 -0.584785541722468
"clear creek_lcc" 2016 48 2 12 4 156 14 -0.44098702107911
"clear creek_lcc" 2016 49 2 12 5 267 22 -0.447834569681174
"clear creek_lcc" 2016 50 2 12 6 510 33 -0.42729192387498
"clear creek_lcc" 2016 51 2 12 7 509 44 -0.379359083660528
"clear creek_lcc" 2016 52 2 12 8 519 35 0.332785970954199
"clear creek_lcc" 2016 53 2 12 9 501 5 -0.564242895916274
"clear creek_lcc" 2016 1 2 12 10 462 22 0.695706046863627
"clear creek_lcc" 2016 2 2 12 11 536 28 -0.276645854629557
"clear creek_lcc" 2016 4 2 12 13 502 29 0.750486435680144
"clear creek_lcc" 2016 5 2 12 14 507 46 0.250615387729423
"clear creek_lcc" 2016 6 2 12 15 506 41 -0.201322820006846
"clear creek_lcc" 2016 8 2 12 17 499 40 -0.269798306027493
"clear creek_lcc" 2016 10 2 12 19 488 19 0.647773206649174
"clear creek_lcc" 2017 51 2 13 7 642 49 0.0520364782695472
"clear creek_lcc" 2017 52 2 13 8 743 59 -0.0198627820521319
"clear creek_lcc" 2017 1 2 13 10 500 33 0.675163401057433
"clear creek_lcc" 2017 4 2 13 13 1321 40 1.20584841771745
"clear creek_lcc" 2018 2 2 14 11 272 9 -0.612175736130727
"clear creek_lcc" 2018 3 2 14 12 509 24 -0.619023284732791
"clear creek_lcc" 2018 4 2 14 13 504 21 -0.42729192387498
"clear creek_lcc" 2018 5 2 14 14 494 30 -0.619023284732791
"clear creek_lcc" 2018 6 2 14 15 496 11 -0.673803673549309
"clear creek_lcc" 2018 7 2 14 16 491 26 -0.673803673549309
"clear creek_lcc" 2018 11 2 14 20 466 18 -0.406749278068786
"clear creek_lcc" 2019 5 2 15 14 600 13 -0.11915223678207
"clear creek_lcc" 2019 6 2 15 15 832 16 0.921675150731761
"clear creek_lcc" 2019 8 2 15 17 806 25 0.442346748587234
"clear creek_lcc" 2020 50 2 16 6 416 12 -0.0575242993634876
"clear creek_lcc" 2020 2 2 16 11 494 19 -0.132847333986199
"clear creek_lcc" 2020 3 2 16 12 405 12 -0.125999785384134
"clear creek_lcc" 2020 4 2 16 13 537 12 0.216377644719099
"clear creek_lcc" 2020 5 2 16 14 500 18 0.0862742212798706
"clear creek_lcc" 2020 6 2 16 15 530 12 -0.0643718479655523
"clear creek_lcc" 2020 8 2 16 17 650 16 -0.125999785384134
"clear creek_lcc" 2020 10 2 16 19 545 4 -0.146542431190328
"clear creek_lcc" 2021 52 2 17 8 437 13 -0.577937993120403
"clear creek_ucc" 2004 49 3 2 5 20 6 -0.308256684933262
"clear creek_ucc" 2004 50 3 2 6 259 7 0.743789824258541
"clear creek_ucc" 2004 51 3 2 7 469 32 -0.135222719605663
"clear creek_ucc" 2004 3 3 2 12 248 11 0.363115100537823
"clear creek_ucc" 2004 5 3 2 14 400 50 0.0101258112695207
"clear creek_ucc" 2004 6 3 2 15 400 27 0.321586948859199
"clear creek_ucc" 2004 7 3 2 16 764 71 0.1485529835316
"clear creek_ucc" 2004 9 3 2 18 406 21 0.930666506812348
"clear creek_ucc" 2004 10 3 2 19 848 96 1.55820302106711
"clear creek_ucc" 2004 11 3 2 20 690 93 0.224687928275744
"clear creek_ucc" 2004 12 3 2 21 392 45 0.0101258112695207
"clear creek_ucc" 2004 13 3 2 22 388 23 0.0170471698826247
"clear creek_ucc" 2004 14 3 2 23 429 62 -0.135222719605663
"clear creek_ucc" 2004 15 3 2 24 186 11 -0.197514947123598
"clear creek_ucc" 2004 16 3 2 25 353 36 -0.204436305736702
"clear creek_ucc" 2005 1 3 3 10 677 15 0.228148607582296
"clear creek_ucc" 2005 2 3 3 11 814 28 0.408103931522999
"clear creek_ucc" 2005 3 3 3 12 453 27 -0.110997964459799
"clear creek_ucc" 2005 4 3 3 13 799 22 0.58459857615715
"clear creek_ucc" 2005 5 3 3 14 870 37 0.0170471698826247
"clear creek_ucc" 2005 6 3 3 15 863 43 -0.176750871284286
"clear creek_ucc" 2005 7 3 3 16 760 90 -0.25288581602843
"clear creek_ucc" 2005 8 3 3 17 805 104 0.172777738677464
"clear creek_ucc" 2005 9 3 3 18 806 67 0.60190197268991
"clear creek_ucc" 2005 10 3 3 19 441 40 -0.0175596231828951
"clear creek_ucc" 2005 11 3 3 20 97 10 -0.14906543683187
"clear creek_ucc" 2005 12 3 3 21 398 33 1.18675677549719
"clear creek_ucc" 2005 13 3 3 22 613 75 0.608823331303014
"clear creek_ucc" 2005 14 3 3 23 598 64 0.518845669332662
"clear creek_ucc" 2005 15 3 3 24 469 56 0.221227248969192
"clear creek_ucc" 2005 16 3 3 25 373 46 -0.0210203024894471
"clear creek_ucc" 2005 17 3 3 26 62 15 -0.0867732093139348
"clear creek_ucc" 2005 18 3 3 27 116 10 0.120867549079184
"clear creek_ucc" 2005 19 3 3 28 107 23 0.383879176377135
"clear creek_ucc" 2006 51 3 4 7 173 3 0.875295637907516
"clear creek_ucc" 2006 1 3 4 10 392 17 1.23520628578892
"clear creek_ucc" 2006 2 3 4 11 375 8 0.646890803675085
"clear creek_ucc" 2006 3 3 4 12 390 8 0.58459857615715
"clear creek_ucc" 2006 4 3 4 13 809 43 0.152013662838152
"clear creek_ucc" 2006 5 3 4 14 755 24 1.1936781341103
"clear creek_ucc" 2006 6 3 4 15 727 43 0.293901514406783
"clear creek_ucc" 2006 7 3 4 16 399 22 -0.0175596231828951
"clear creek_ucc" 2006 8 3 4 17 417 33 -0.100615926540143
"clear creek_ucc" 2006 9 3 4 18 401 3 0.868374279294412
"clear creek_ucc" 2006 10 3 4 19 425 18 0.930666506812348
"clear creek_ucc" 2006 11 3 4 20 408 3 2.02424116768277
"clear creek_ucc" 2006 12 3 4 21 297 11 1.12446454797926
"clear creek_ucc" 2006 13 3 4 22 135 3 0.979116017104076
"clear creek_ucc" 2006 14 3 4 23 177 12 2.14882562271865
"clear creek_ucc" 2007 50 3 18 6 485 65 0.556913141704734
"clear creek_ucc" 2007 51 3 18 7 361 49 -0.266728533254638
"clear creek_ucc" 2007 52 3 18 8 401 28 0.0931821146267683
"clear creek_ucc" 2007 2 3 18 11 353 59 -0.342863477998781
"clear creek_ucc" 2007 3 3 18 12 401 48 -0.377470271064301
"clear creek_ucc" 2007 4 3 18 13 398 52 -0.363627553838093
"clear creek_ucc" 2007 5 3 18 14 408 45 -0.377470271064301
"clear creek_ucc" 2007 6 3 18 15 409 31 0.0239685284957287
"clear creek_ucc" 2007 7 3 18 16 399 43 0.0239685284957287
"clear creek_ucc" 2007 9 3 18 18 393 37 0.293901514406783
"clear creek_ucc" 2007 10 3 18 19 382 31 -0.107537285153247
"clear creek_ucc" 2007 11 3 18 20 382 28 -0.21827902296291
"clear creek_ucc" 2007 12 3 18 21 319 27 -0.266728533254638
"clear creek_ucc" 2007 13 3 18 22 380 40 -0.294413967707054
"clear creek_ucc" 2007 14 3 18 23 394 43 -0.329020760772573
"clear creek_ucc" 2007 15 3 18 24 383 34 -0.232121740189118
"clear creek_ucc" 2007 18 3 18 27 85 7 -0.266728533254638
"clear creek_ucc" 2007 20 3 18 29 136 18 -0.301335326320158
"clear creek_ucc" 2008 50 3 5 6 191 19 -0.370548912451197
"clear creek_ucc" 2008 51 3 5 7 400 48 -0.301335326320158
"clear creek_ucc" 2008 52 3 5 8 325 47 -0.370548912451197
"clear creek_ucc" 2008 1 3 5 10 909 35 0.0620360008678005
"clear creek_ucc" 2008 2 3 5 11 709 36 0.460014121121278
"clear creek_ucc" 2008 3 3 5 12 803 104 -0.249425136721878
"clear creek_ucc" 2008 4 3 5 13 793 68 1.00334077224994
"clear creek_ucc" 2008 5 3 5 14 406 31 0.390800534990239
"clear creek_ucc" 2008 6 3 5 15 815 54 0.259294721341263
"clear creek_ucc" 2008 7 3 5 16 803 97 -0.0625484541680709
"clear creek_ucc" 2008 8 3 5 17 801 52 0.203923852436432
"clear creek_ucc" 2008 9 3 5 18 802 88 0.747250503565093
"clear creek_ucc" 2008 10 3 5 19 776 198 -0.045245057635311
"clear creek_ucc" 2008 11 3 5 20 811 208 -0.173290191977734
"clear creek_ucc" 2008 12 3 5 21 812 77 -0.249425136721878
"clear creek_ucc" 2008 13 3 5 22 394 36 -0.273649891867742
"clear creek_ucc" 2009 49 3 6 5 334 55 -0.522818801939484
"clear creek_ucc" 2009 50 3 6 6 809 116 -0.522818801939484
"clear creek_ucc" 2009 51 3 6 7 805 103 -0.467447933034653
"clear creek_ucc" 2009 52 3 6 8 718 53 -0.318638722852918
"clear creek_ucc" 2009 1 3 6 10 827 96 -0.436301819275685
"clear creek_ucc" 2009 2 3 6 11 816 96 -0.360166874531541
"clear creek_ucc" 2009 3 3 6 12 805 103 -0.367088233144645
"clear creek_ucc" 2009 4 3 6 13 809 85 -0.367088233144645
"clear creek_ucc" 2009 5 3 6 14 804 96 -0.363627553838093
"clear creek_ucc" 2009 6 3 6 15 405 53 -0.370548912451197
"clear creek_ucc" 2009 7 3 6 16 406 9 0.238530645501952
"clear creek_ucc" 2010 51 3 7 7 481 32 -0.121380002379455
"clear creek_ucc" 2010 52 3 7 8 501 51 -0.18367222989739
"clear creek_ucc" 2010 53 3 7 9 1478 134 -0.135222719605663
"clear creek_ucc" 2010 4 3 7 13 399 14 1.29749851330686
"clear creek_ucc" 2011 48 3 8 4 135 19 -0.232121740189118
"clear creek_ucc" 2011 49 3 8 5 829 96 0.20115530899119
"clear creek_ucc" 2011 50 3 8 6 561 67 0.120867549079184
"clear creek_ucc" 2011 51 3 8 7 1111 95 0.802621372469925
"clear creek_ucc" 2012 1 3 9 10 600 58 -0.370548912451197
"clear creek_ucc" 2012 2 3 9 11 610 38 -0.377470271064301
"clear creek_ucc" 2012 3 3 9 12 616 51 0.376957817764031
"clear creek_ucc" 2012 4 3 9 13 598 46 -0.176750871284286
"clear creek_ucc" 2012 5 3 9 14 607 66 -0.28749260909395
"clear creek_ucc" 2012 6 3 9 15 595 32 -0.259807174641534
"clear creek_ucc" 2013 52 3 10 8 412 25 1.04832960323512
"clear creek_ucc" 2013 1 3 10 10 680 63 -0.031402340409103
"clear creek_ucc" 2014 50 3 11 6 1004 162 -0.432841139969133
"clear creek_ucc" 2014 51 3 11 7 744 88 -0.432841139969133
"clear creek_ucc" 2014 52 3 11 8 1015 90 -0.432841139969133
"clear creek_ucc" 2014 1 3 11 10 1016 119 -0.308256684933262
"clear creek_ucc" 2014 2 3 11 11 495 62 -0.453605215808445
"clear creek_ucc" 2015 2 3 19 11 504 45 -0.342863477998781
"clear creek_ucc" 2015 3 3 19 12 532 25 -0.418998422742925
"clear creek_ucc" 2015 5 3 19 14 314 28 -0.474369291647757
"clear creek_ucc" 2016 47 3 12 3 330 33 -0.329020760772573
"clear creek_ucc" 2016 48 3 12 4 227 29 -0.18367222989739
"clear creek_ucc" 2016 50 3 12 6 479 38 -0.169829512671182
"clear creek_ucc" 2016 51 3 12 7 376 27 -0.121380002379455
"clear creek_ucc" 2016 53 3 12 9 516 46 -0.308256684933262
"clear creek_ucc" 2016 1 3 12 10 465 15 0.965273299877868
"clear creek_ucc" 2016 2 3 12 11 502 32 -0.0175596231828951
"clear creek_ucc" 2016 4 3 12 13 511 24 1.0206441687827
"clear creek_ucc" 2016 5 3 12 14 498 53 0.51538499002611
"clear creek_ucc" 2016 6 3 12 15 517 42 0.0585753215612485
"clear creek_ucc" 2016 8 3 12 17 507 37 -0.0106382645697911
"clear creek_ucc" 2016 10 3 12 19 480 31 0.91682378958614
"clear creek_ucc" 2017 47 3 13 3 264 40 0.307744231632991
"clear creek_ucc" 2017 48 3 13 4 591 60 0.241991324808504
"clear creek_ucc" 2017 49 3 13 5 789 79 0.0412719250284886
"clear creek_ucc" 2017 50 3 13 6 286 36 0.300822873019887
"clear creek_ucc" 2018 49 3 14 5 130 16 -0.398234346903613
"clear creek_ucc" 2018 50 3 14 6 314 26 -0.394773667597061
"clear creek_ucc" 2018 51 3 14 7 237 25 -0.398234346903613
"clear creek_ucc" 2019 1 3 15 10 747 64 -0.0175596231828951
"clear creek_ucc" 2020 50 3 16 6 218 21 0.203923852436432
"clear creek_ucc" 2020 52 3 16 8 204 15 0.286980155793679
"clear creek_ucc" 2020 1 3 16 10 248 54 0.141631624918496
"clear creek_ucc" 2021 50 3 17 6 301 37 -0.335942119385677
"clear creek_ucc" 2021 51 3 17 7 296 42 -0.329020760772573
"clear creek_ucc" 2021 52 3 17 8 296 42 -0.335942119385677
"clear creek_ucc" 2021 53 3 17 9 365 40 -0.329020760772573
"feather river_eye riffle" 2003 2 4 1 11 1672 41 -0.780353507106974
"feather river_eye riffle" 2003 3 4 1 12 2153 120 -0.798063669015529
"feather river_eye riffle" 2003 4 4 1 13 2943 145 -0.847888257851596
"feather river_eye riffle" 2003 5 4 1 14 1482 56 -0.87953041379488
"feather river_eye riffle" 2003 6 4 1 15 992 15 -0.830850173882136
"feather river_eye riffle" 2003 7 4 1 16 1000 54 -0.801133430413011
"feather river_eye riffle" 2003 8 4 1 17 1084 21 -0.846471444898911
"feather river_eye riffle" 2003 9 4 1 18 994 23 -0.855916864583474
"feather river_eye riffle" 2003 10 4 1 19 572 10 -0.846471444898911
"feather river_eye riffle" 2004 52 4 2 8 1431 75 -0.813412476002943
"feather river_eye riffle" 2004 1 4 2 10 1074 29 -0.855916864583474
"feather river_eye riffle" 2004 2 4 2 11 925 50 -0.87953041379488
"feather river_eye riffle" 2004 3 4 2 12 1012 57 -0.865362284268036
"feather river_eye riffle" 2004 4 4 2 13 1059 52 -0.84174873505663
"feather river_eye riffle" 2004 5 4 2 14 1982 37 1.68175255733563
"feather river_eye riffle" 2004 6 4 2 15 999 135 -0.884253123637161
"feather river_eye riffle" 2004 7 4 2 16 2286 81 -0.863788047653944
"feather river_eye riffle" 2004 8 4 2 17 2322 107 -0.881891768716021
"feather river_eye riffle" 2004 9 4 2 18 2082 36 2.49012305867279
"feather river_eye riffle" 2004 10 4 2 19 2631 41 1.40744182732981
"feather river_eye riffle" 2004 11 4 2 20 1191 18 -0.855916864583474
"feather river_eye riffle" 2004 12 4 2 21 1575 25 -0.832303315372068
"feather river_eye riffle" 2004 13 4 2 22 492 7 -0.832303315372068
"feather river_eye riffle" 2005 52 4 3 8 998 9 -0.851194154741193
"feather river_eye riffle" 2005 53 4 3 9 653 1 -0.789798926791537
"feather river_eye riffle" 2005 1 4 3 10 740 5 -0.827580605529786
"feather river_eye riffle" 2005 2 4 3 11 1044 15 -0.80396705631838
"feather river_eye riffle" 2005 3 4 3 12 997 15 -0.815773830924083
"feather river_eye riffle" 2005 4 4 3 13 993 5 -0.837026025214349
"feather river_eye riffle" 2005 5 4 3 14 996 4 -0.84174873505663
"feather river_eye riffle" 2005 6 4 3 15 1994 20 -0.872446349031458
"feather river_eye riffle" 2005 7 4 3 16 1987 10 -0.877956177180788
"feather river_eye riffle" 2005 8 4 3 17 1981 1 -0.794521636633818
"feather river_eye riffle" 2005 10 4 3 19 1954 22 -0.865362284268036
"feather river_eye riffle" 2005 11 4 3 20 1735 10 -0.819315863305794
"feather river_eye riffle" 2005 12 4 3 21 788 4 -0.860639574425755
"feather river_eye riffle" 2005 14 4 3 23 633 1 -0.84174873505663
"feather river_eye riffle" 2006 50 4 4 6 466 10 -0.623323404851123
"feather river_eye riffle" 2006 51 4 4 7 990 19 -0.619781372469412
"feather river_eye riffle" 2006 3 4 4 12 2199 73 -0.467473980055842
"feather river_eye riffle" 2006 5 4 4 14 2584 45 -0.441499075923295
"feather river_eye riffle" 2006 6 4 4 15 2019 71 -0.449763818147287
"feather river_eye riffle" 2006 7 4 4 16 1010 26 -0.38049740712716
"feather river_eye riffle" 2006 8 4 4 17 2039 40 -0.34822555653824
"feather river_eye riffle" 2006 12 4 4 21 1063 24 -0.331696072090256
"feather river_eye riffle" 2006 13 4 4 22 594 1 1.41098385971152
"feather river_eye riffle" 2018 1 4 14 10 158 8 1.17484836759746
"feather river_eye riffle" 2018 2 4 14 11 1352 95 1.00438103138559
"feather river_eye riffle" 2018 3 4 14 12 1525 129 1.04890943846995
"feather river_eye riffle" 2018 4 4 14 13 2628 193 1.22994664909076
"feather river_eye riffle" 2018 5 4 14 14 2415 163 1.19846191680887
"feather river_eye riffle" 2018 6 4 14 15 1410 80 1.28406103270022
"feather river_eye riffle" 2018 7 4 14 16 2043 148 1.22994664909076
"feather river_eye riffle" 2018 8 4 14 17 1006 83 1.15517040992127
"feather river_eye riffle" 2018 9 4 14 18 1277 72 0.504898242828136
"feather river_eye riffle" 2018 10 4 14 19 1231 77 0.170766521486738
"feather river_eye riffle" 2018 11 4 14 20 659 48 0.237221795695983
"feather river_eye riffle" 2018 12 4 14 21 948 44 0.262184690576611
"feather river_eye riffle" 2018 13 4 14 22 367 19 0.197247430245244
"feather river_eye riffle" 2019 1 4 15 10 500 21 0.872594937691462
"feather river_eye riffle" 2019 2 4 15 11 1350 34 0.552631345876907
"feather river_eye riffle" 2019 3 4 15 12 1512 15 0.334993133978448
"feather river_eye riffle" 2019 4 4 15 13 3065 143 0.375923285944883
"feather river_eye riffle" 2019 5 4 15 14 2986 142 0.652660964064117
"feather river_eye riffle" 2019 6 4 15 15 3578 169 0.681994239640063
"feather river_eye riffle" 2019 7 4 15 16 1869 52 0.839772104287607
"feather river_eye riffle" 2019 8 4 15 17 2151 119 0.79545734360087
"feather river_eye riffle" 2020 4 4 16 13 722 13 -0.164433431842793
"feather river_eye riffle" 2020 5 4 16 14 1907 47 0.118535599540555
"feather river_eye riffle" 2020 6 4 16 15 1772 44 -0.368128405159284
"feather river_eye riffle" 2020 7 4 16 16 3353 141 -0.125785922966793
"feather river_eye riffle" 2020 8 4 16 17 1986 58 -0.145857439796489
"feather river_eye riffle" 2020 9 4 16 18 1998 54 -0.195131045817622
"feather river_eye riffle" 2020 10 4 16 19 2951 56 -0.214622580736861
"feather river_eye riffle" 2020 11 4 16 20 1933 88 -0.20497002465571
"feather river_eye riffle" 2020 12 4 16 21 484 17 -0.215202562647317
"feather river_eye riffle" 2020 13 4 16 22 1655 53 -0.0518417802933607
"feather river_eye riffle" 2020 14 4 16 23 478 14 0.804115644978384
"feather river_eye riffle" 2020 15 4 16 24 474 6 1.39366725695648
"feather river_eye riffle" 2020 16 4 16 25 366 7 1.05678062154043
"feather river_eye riffle" 2020 17 4 16 26 420 17 -0.321306110437237
"feather river_eye riffle" 2020 18 4 16 27 487 6 -0.275023553982881
"feather river_eye riffle" 2020 19 4 16 28 1771 25 -0.415524171790748
"feather river_eye riffle" 2020 20 4 16 29 187 5 -0.241964585086912
"feather river_gateway riffle" 2013 52 7 10 8 504 20 0.565806227036234
"feather river_gateway riffle" 2013 1 7 10 10 517 1 0.580954331494969
"feather river_gateway riffle" 2013 2 7 10 11 1603 7 0.580954331494969
"feather river_gateway riffle" 2013 3 7 10 12 1013 5 0.574895089711475
"feather river_gateway riffle" 2013 4 7 10 13 1528 19 0.641546749329912
"feather river_gateway riffle" 2013 5 7 10 14 494 8 0.620339403087682
"feather river_gateway riffle" 2013 6 7 10 15 1450 22 0.538539639010509
"feather river_gateway riffle" 2013 7 7 10 16 1539 17 0.00734610932418283
"feather river_gateway riffle" 2013 8 7 10 17 1518 62 -0.0276628432026741
"feather river_gateway riffle" 2013 9 7 10 18 963 25 0.657704727419226
"feather river_gateway riffle" 2013 10 7 10 19 1163 31 0.613270287673609
"feather river_gateway riffle" 2013 11 7 10 20 147 3 0.593072815061958
"feather river_gateway riffle" 2013 12 7 10 21 446 6 0.595092562323126
"feather river_gateway riffle" 2013 13 7 10 22 236 1 0.580954331494969
"feather river_gateway riffle" 2014 2 7 11 11 1000 23 -0.424198139864435
"feather river_gateway riffle" 2014 3 7 11 12 871 19 -0.424879804565079
"feather river_gateway riffle" 2014 4 7 11 13 999 18 -0.437907174399591
"feather river_gateway riffle" 2014 5 7 11 14 988 23 -0.400642837431102
"feather river_gateway riffle" 2014 6 7 11 15 1138 31 -0.441037782654396
"feather river_gateway riffle" 2014 7 7 11 16 1048 40 -0.557577199623603
"feather river_gateway riffle" 2014 8 7 11 17 499 18 -0.556971275445254
"feather river_gateway riffle" 2014 9 7 11 18 1264 65 -0.555422802545027
"feather river_gateway riffle" 2014 10 7 11 19 926 31 -0.627123830316376
"feather river_gateway riffle" 2014 11 7 11 20 925 36 -0.639174988974659
"feather river_gateway riffle" 2014 12 7 11 21 669 19 -0.630086126299417
"feather river_gateway riffle" 2015 2 7 19 11 998 10 -0.470583799732007
"feather river_gateway riffle" 2015 3 7 19 12 1479 13 -0.484462348769439
"feather river_gateway riffle" 2015 4 7 19 13 1486 16 -0.500923288947932
"feather river_gateway riffle" 2015 5 7 19 14 1411 12 -0.47577743554643
"feather river_gateway riffle" 2015 6 7 19 15 1276 17 -0.458811558552646
"feather river_gateway riffle" 2015 7 7 19 16 2473 51 -0.462447103622743
"feather river_gateway riffle" 2015 8 7 19 17 1709 29 -0.416800815520416
"feather river_gateway riffle" 2015 9 7 19 18 1573 21 -0.477460558264068
"feather river_gateway riffle" 2016 53 7 12 9 1279 37 -0.631499949382233
"feather river_gateway riffle" 2016 1 7 12 10 2356 96 -0.627527779768609
"feather river_gateway riffle" 2016 2 7 12 11 482 16 -0.707725211018591
"feather river_gateway riffle" 2016 3 7 12 12 998 35 -0.618169617458546
"feather river_gateway riffle" 2016 4 7 12 13 2013 93 -0.626349593866263
"feather river_gateway riffle" 2016 5 7 12 14 1632 92 -0.64316398981546
"feather river_gateway riffle" 2016 6 7 12 15 1942 70 -0.624986264464977
"feather river_gateway riffle" 2016 7 7 12 16 1514 119 -0.621199238350293
"feather river_gateway riffle" 2016 8 7 12 17 1380 66 -0.627460454859904
"feather river_gateway riffle" 2016 9 7 12 18 1242 56 -0.644527319216746
"feather river_gateway riffle" 2017 53 7 13 9 589 14 -0.628167366401311
"feather river_gateway riffle" 2017 2 7 13 11 1760 8 -0.604233361356509
"feather river_herringer riffle" 2003 1 5 1 10 686 21 0.0201189831430498
"feather river_herringer riffle" 2003 3 5 1 12 1680 33 -0.272412229849063
"feather river_herringer riffle" 2003 4 5 1 13 2015 82 -0.298635480447218
"feather river_herringer riffle" 2003 5 5 1 14 1245 37 -0.30637935940364
"feather river_herringer riffle" 2003 6 5 1 15 993 54 -0.309874267755608
"feather river_herringer riffle" 2003 8 5 1 17 486 6 1.11135574624016
"feather river_herringer riffle" 2003 10 5 1 19 998 35 -0.242985313451661
"feather river_herringer riffle" 2003 11 5 1 20 819 39 -0.360054181819864
"feather river_herringer riffle" 2004 2 5 2 11 540 28 0.0388119909883086
"feather river_herringer riffle" 2004 3 5 2 12 3304 144 -0.111373886019598
"feather river_herringer riffle" 2004 4 5 2 13 995 86 -0.200114237526474
"feather river_herringer riffle" 2004 5 5 2 14 1000 62 -0.154098498469442
"feather river_herringer riffle" 2004 6 5 2 15 1979 146 -0.150494532286325
"feather river_herringer riffle" 2004 7 5 2 16 1992 128 -0.137755691968885
"feather river_herringer riffle" 2004 8 5 2 17 1997 100 0.490970310904638
"feather river_herringer riffle" 2004 10 5 2 19 992 21 1.87117374173941
"feather river_herringer riffle" 2004 11 5 2 20 1999 40 0.523983348675108
"feather river_herringer riffle" 2004 13 5 2 22 995 4 1.2468498263641
"feather river_herringer riffle" 2004 14 5 2 23 1089 5 0.203080070563204
"feather river_herringer riffle" 2004 16 5 2 25 629 2 0.549556406991688
"feather river_herringer riffle" 2005 52 5 3 8 770 35 -0.11414884614041
"feather river_herringer riffle" 2005 53 5 3 9 1328 42 -0.0630492749881789
"feather river_herringer riffle" 2005 1 5 3 10 717 24 -0.0901279509652785
"feather river_herringer riffle" 2005 2 5 3 11 1169 29 -0.0986883645189423
"feather river_herringer riffle" 2005 3 5 3 12 1995 103 -0.108494696922206
"feather river_herringer riffle" 2005 4 5 3 13 996 44 -0.10919684625075
"feather river_herringer riffle" 2005 5 5 3 14 1000 60 -0.116316885939745
"feather river_herringer riffle" 2005 6 5 3 15 996 25 -0.117075699882181
"feather river_herringer riffle" 2005 7 5 3 16 1977 57 -0.11444448791683
"feather river_herringer riffle" 2005 9 5 3 18 1996 70 -0.145626777477213
"feather river_herringer riffle" 2005 10 5 3 19 1000 35 -0.174005749283894
"feather river_herringer riffle" 2005 11 5 3 20 2522 98 -0.175633538991812
"feather river_herringer riffle" 2005 12 5 3 21 990 10 -0.170912069240335
"feather river_herringer riffle" 2005 13 5 3 22 1049 24 -0.320392108260472
"feather river_herringer riffle" 2005 15 5 3 24 257 4 -0.356691256450746
"feather river_herringer riffle" 2005 16 5 3 25 717 6 -0.35823281723937
"feather river_herringer riffle" 2005 19 5 3 28 346 6 -0.34102224182534
"feather river_herringer riffle" 2006 1 5 4 10 416 2 3.15394249249483
"feather river_herringer riffle" 2006 5 5 4 14 1017 3 2.9952742061994
"feather river_herringer riffle" 2006 6 5 4 15 3197 6 1.87497661055364
"feather river_herringer riffle" 2006 7 5 4 16 1175 11 0.343145646419789
"feather river_herringer riffle" 2006 8 5 4 17 1339 14 1.21358143586782
"feather river_herringer riffle" 2008 5 5 5 14 1990 83 -0.298182102532497
"feather river_herringer riffle" 2008 6 5 5 15 2206 82 -0.360516869557808
"feather river_herringer riffle" 2008 7 5 5 16 1995 146 -0.36131523298241
"feather river_herringer riffle" 2008 8 5 5 17 2054 101 -0.35987436361577
"feather river_herringer riffle" 2008 9 5 5 18 2037 76 -0.361195317727752
"feather river_herringer riffle" 2008 10 5 5 19 2087 41 -0.377493627974849
"feather river_herringer riffle" 2008 11 5 5 20 2174 172 -0.380020698148383
"feather river_herringer riffle" 2008 12 5 5 21 997 75 -0.382132768016001
"feather river_herringer riffle" 2008 13 5 5 22 2073 47 -0.384842824167925
"feather river_herringer riffle" 2008 15 5 5 24 261 6 -0.0162587787535714
"feather river_herringer riffle" 2012 50 5 9 6 1017 6 0.990812332777226
"feather river_herringer riffle" 2012 51 5 9 7 992 5 0.24741050078385
"feather river_herringer riffle" 2012 52 5 9 8 995 19 -0.197187233058073
"feather river_herringer riffle" 2012 1 5 9 10 2191 99 -0.222918627160477
"feather river_herringer riffle" 2012 2 5 9 11 1506 56 -0.223985049320649
"feather river_herringer riffle" 2012 3 5 9 12 2492 72 -0.219434277528227
"feather river_herringer riffle" 2012 4 5 9 13 2498 61 -0.225141219880441
"feather river_herringer riffle" 2012 5 5 9 14 2488 50 -0.232417879311555
"feather river_herringer riffle" 2012 6 5 9 15 2487 64 -0.0195826292110571
"feather river_herringer riffle" 2012 7 5 9 16 1086 23 0.00264549764796217
"feather river_herringer riffle" 2012 8 5 9 17 1155 33 -0.0053896237555937
"feather river_herringer riffle" 2012 9 5 9 18 1014 54 -0.230563079123162
"feather river_herringer riffle" 2012 10 5 9 19 950 35 -0.233654119486791
"feather river_herringer riffle" 2012 11 5 9 20 488 5 -0.210612537861953
"feather river_herringer riffle" 2012 12 5 9 21 453 10 -0.228443810124624
"feather river_herringer riffle" 2012 13 5 9 22 556 7 -0.223648492853756
"feather river_herringer riffle" 2013 50 5 10 6 360 19 -0.174311949790591
"feather river_herringer riffle" 2013 51 5 10 7 566 56 -0.223166755088832
"feather river_herringer riffle" 2013 52 5 10 8 1004 12 -0.23518248200247
"feather river_herringer riffle" 2013 1 5 10 10 990 27 -0.240298140780728
"feather river_herringer riffle" 2013 2 5 10 11 1938 85 -0.243840402964642
"feather river_herringer riffle" 2013 3 5 10 12 1406 105 -0.245845823753129
"feather river_herringer riffle" 2013 4 5 10 13 1770 41 -0.242883246630172
"feather river_herringer riffle" 2013 5 5 10 14 993 50 -0.244722208992395
"feather river_herringer riffle" 2013 6 5 10 15 1383 64 -0.24948767293634
"feather river_herringer riffle" 2013 7 5 10 16 2398 95 -0.252081577761117
"feather river_herringer riffle" 2013 8 5 10 17 1456 62 -0.255903803721342
"feather river_herringer riffle" 2013 9 5 10 18 1440 48 -0.246575249436402
"feather river_herringer riffle" 2013 10 5 10 19 1429 51 -0.24457123196445
"feather river_herringer riffle" 2013 11 5 10 20 435 4 0.549324116931735
"feather river_herringer riffle" 2013 12 5 10 21 635 24 -0.0726129348565113
"feather river_herringer riffle" 2013 13 5 10 22 383 9 -0.169894920767636
"feather river_herringer riffle" 2013 17 5 10 26 154 1 -0.0736775973145349
"feather river_herringer riffle" 2014 2 5 11 11 1084 15 -0.465033412738994
"feather river_herringer riffle" 2014 3 5 11 12 880 11 -0.465487434063159
"feather river_herringer riffle" 2014 4 5 11 13 996 18 -0.469040414828752
"feather river_herringer riffle" 2014 5 5 11 14 1043 8 -0.460001840490705
"feather river_herringer riffle" 2014 6 5 11 15 1058 20 -0.449412560238627
"feather river_herringer riffle" 2014 7 5 11 16 992 4 -0.447789232397735
"feather river_herringer riffle" 2014 8 5 11 17 473 7 -0.468060221511852
"feather river_herringer riffle" 2014 9 5 11 18 941 28 -0.452797369950424
"feather river_herringer riffle" 2014 10 5 11 19 937 26 -0.501508804807264
"feather river_herringer riffle" 2014 11 5 11 20 926 17 -0.51713675816159
"feather river_herringer riffle" 2014 12 5 11 21 724 2 -0.515091902451427
"feather river_herringer riffle" 2015 2 5 19 11 724 7 -0.459843843518215
"feather river_herringer riffle" 2015 3 5 19 12 1482 6 -0.466313647267188
"feather river_herringer riffle" 2015 4 5 19 13 1570 26 -0.467883657669197
"feather river_herringer riffle" 2015 5 5 19 14 1443 49 -0.463520008363124
"feather river_herringer riffle" 2015 6 5 19 15 1790 45 -0.454928798809693
"feather river_herringer riffle" 2015 7 5 19 16 1489 27 -0.455861478258258
"feather river_herringer riffle" 2015 8 5 19 17 1337 39 -0.449049322233497
"feather river_herringer riffle" 2015 9 5 19 18 1524 23 -0.468658544177383
"feather river_herringer riffle" 2015 10 5 19 19 1119 18 -0.526122684720223
"feather river_herringer riffle" 2015 11 5 19 20 1017 3 -0.528015671996499
"feather river_herringer riffle" 2015 13 5 19 22 498 4 -0.5236139452953
"feather river_herringer riffle" 2016 53 5 12 9 1271 21 -0.475782103418499
"feather river_herringer riffle" 2016 1 5 12 10 1965 3 -0.460651579114782
"feather river_herringer riffle" 2016 2 5 12 11 2401 10 -0.464459726900307
"feather river_herringer riffle" 2016 3 5 12 12 684 4 -0.451084078361269
"feather river_herringer riffle" 2016 4 5 12 13 1117 4 -0.457388960822767
"feather river_herringer riffle" 2016 5 5 12 14 1989 24 -0.461461954365938
"feather river_herringer riffle" 2016 6 5 12 15 1680 14 -0.466263493753978
"feather river_herringer riffle" 2016 7 5 12 16 1669 13 -0.458244210277955
"feather river_herringer riffle" 2016 8 5 12 17 1501 16 -0.464236235786123
"feather river_herringer riffle" 2016 9 5 12 18 1365 10 -0.506299198958179
"feather river_herringer riffle" 2017 53 5 13 9 496 3 -0.476267800648411
"feather river_herringer riffle" 2017 4 5 13 13 303 1 2.82154242265307
"feather river_herringer riffle" 2018 2 5 14 11 1542 45 -0.17111314239953
"feather river_herringer riffle" 2018 3 5 14 12 830 39 -0.171311560758832
"feather river_herringer riffle" 2018 4 5 14 13 859 22 -0.166681977461627
"feather river_herringer riffle" 2018 5 5 14 14 1820 38 -0.166083253442662
"feather river_herringer riffle" 2018 7 5 14 16 1317 30 -0.166825877398878
"feather river_herringer riffle" 2018 8 5 14 17 1011 21 -0.0276102717009752
"feather river_herringer riffle" 2018 9 5 14 18 2222 38 -0.0905577381689472
"feather river_herringer riffle" 2018 10 5 14 19 2158 34 -0.166681496023056
"feather river_herringer riffle" 2018 11 5 14 20 621 4 -0.266377223809616
"feather river_herringer riffle" 2018 12 5 14 21 1249 17 -0.334232717942551
"feather river_herringer riffle" 2018 19 5 14 28 73 3 -0.38186832219834
"feather river_herringer riffle" 2019 2 5 15 11 1662 42 -0.16589143817932
"feather river_herringer riffle" 2019 3 5 15 12 2175 16 -0.125710551780565
"feather river_herringer riffle" 2019 4 5 15 13 3018 122 -0.169279000327417
"feather river_herringer riffle" 2019 5 5 15 14 3015 107 -0.13981652641996
"feather river_herringer riffle" 2019 6 5 15 15 3838 126 -0.1457317096589
"feather river_herringer riffle" 2019 7 5 15 16 2607 46 -0.114313623480099
"feather river_herringer riffle" 2019 8 5 15 17 2705 46 -0.146359646239932
"feather river_herringer riffle" 2019 9 5 15 18 1766 2 0.201364292292968
"feather river_herringer riffle" 2020 3 5 16 12 472 12 -0.139786492274395
"feather river_herringer riffle" 2020 4 5 16 13 334 9 -0.189722277894625
"feather river_herringer riffle" 2020 5 5 16 14 642 7 -0.198505914825046
"feather river_herringer riffle" 2020 6 5 16 15 1890 75 -0.227935034767391
"feather river_herringer riffle" 2020 7 5 16 16 2293 18 -0.210662767760554
"feather river_herringer riffle" 2020 8 5 16 17 2480 34 -0.165109512617571
"feather river_herringer riffle" 2020 9 5 16 18 2739 30 -0.115096289425823
"feather river_herringer riffle" 2020 10 5 16 19 1672 34 -0.201462840791524
"feather river_herringer riffle" 2020 11 5 16 20 868 33 -0.222556641975429
"feather river_herringer riffle" 2020 12 5 16 21 909 13 -0.222512119735056
"feather river_herringer riffle" 2020 13 5 16 22 1492 21 -0.218649325843513
"feather river_herringer riffle" 2020 14 5 16 23 1037 5 -0.216772944097297
"feather river_herringer riffle" 2020 15 5 16 24 416 13 -0.261375065993195
"feather river_herringer riffle" 2020 16 5 16 25 275 1 -0.268452741757301
"feather river_herringer riffle" 2020 17 5 16 26 280 1 -0.245813191425083
"feather river_herringer riffle" 2020 18 5 16 27 1654 21 -0.243841342020017
"feather river_herringer riffle" 2020 19 5 16 28 477 3 -0.243866959410503
"feather river_herringer riffle" 2020 20 5 16 29 424 2 -0.107208303208419
"feather river_steep riffle" 2007 51 6 18 7 997 93 -0.0267297822532743
"feather river_steep riffle" 2007 52 6 18 8 1985 152 -0.0673691245754761
"feather river_steep riffle" 2007 1 6 18 10 1000 44 -0.14721347949085
"feather river_steep riffle" 2007 2 6 18 11 998 131 -0.141476160574775
"feather river_steep riffle" 2007 3 6 18 12 998 130 -0.141476160574775
"feather river_steep riffle" 2007 4 6 18 13 955 85 -0.229448383954596
"feather river_steep riffle" 2007 5 6 18 14 998 15 -0.152950798406925
"feather river_steep riffle" 2007 6 6 18 15 994 100 -0.256222538896276
"feather river_steep riffle" 2007 7 6 18 16 996 97 -0.271522056005806
"feather river_steep riffle" 2007 9 6 18 18 2107 254 -0.210323987567676
"feather river_steep riffle" 2007 10 6 18 19 991 109 -0.179724953348605
"feather river_steep riffle" 2007 11 6 18 20 1095 99 -0.221798625399826
"feather river_steep riffle" 2007 12 6 18 21 988 98 -0.445554063126753
"feather river_steep riffle" 2007 13 6 18 22 993 143 -0.543088484700029
"feather river_steep riffle" 2007 14 6 18 23 992 39 -0.640622906273305
"feather river_steep riffle" 2008 49 6 5 5 1021 100 -0.743894646762655
"feather river_steep riffle" 2008 50 6 5 6 3003 376 -0.683971538083653
"feather river_steep riffle" 2008 51 6 5 7 2264 247 -0.68078413868583
"feather river_steep riffle" 2008 52 6 5 8 997 140 -0.743894646762655
"feather river_steep riffle" 2008 1 6 5 10 1999 273 -0.743894646762655
"feather river_steep riffle" 2008 2 6 5 11 2026 171 -0.69608365579536
"feather river_steep riffle" 2008 3 6 5 12 1950 218 -0.588030816209287
"feather river_steep riffle" 2008 4 6 5 13 1886 164 -0.548825803616104
"feather river_steep riffle" 2008 5 6 5 14 1903 160 -0.529701407229183
"feather river_steep riffle" 2008 6 6 5 15 1930 312 -0.71903293145966
"feather river_steep riffle" 2008 7 6 5 16 1856 379 -0.723814030556393
"feather river_steep riffle" 2008 8 6 5 17 1734 360 -0.716164272001622
"feather river_steep riffle" 2008 9 6 5 18 1906 388 -0.7397965618226
"feather river_steep riffle" 2008 10 6 5 19 1980 443 -0.614067315861754
"feather river_steep riffle" 2008 11 6 5 20 2008 421 -0.476392152300656
"feather river_steep riffle" 2008 12 6 5 21 990 236 -0.442111671777108
"feather river_steep riffle" 2008 13 6 5 22 2041 322 -0.441729183849373
"feather river_steep riffle" 2008 14 6 5 23 520 75 -0.365231598301702
"feather river_steep riffle" 2008 15 6 5 24 1892 205 -0.35280074065021
"feather river_steep riffle" 2008 16 6 5 25 749 77 -0.279171814560576
"feather river_steep riffle" 2009 51 6 6 7 995 177 -0.864378344000231
"feather river_steep riffle" 2009 52 6 6 8 1056 222 -0.864378344000231
"feather river_steep riffle" 2009 2 6 6 11 998 199 -0.849078826890701
"feather river_steep riffle" 2009 3 6 6 12 1000 222 -0.445554063126753
"feather river_steep riffle" 2009 4 6 6 13 1032 207 -0.864378344000231
"feather river_steep riffle" 2009 5 6 6 14 1002 286 -0.868968199133091
"feather river_steep riffle" 2009 6 6 6 15 995 243 -0.872028102555002
"feather river_steep riffle" 2009 7 6 6 16 1000 253 -0.907408235870794
"feather river_steep riffle" 2009 8 6 6 17 996 260 -0.802087452911422
"feather river_steep riffle" 2009 9 6 6 18 997 228 -0.812742473755556
"feather river_steep riffle" 2009 10 6 6 19 993 163 -0.772581241343031
"feather river_steep riffle" 2009 11 6 6 20 1000 239 -0.73815732784658
"feather river_steep riffle" 2009 12 6 6 21 542 123 -0.629148268441154
"feather river_steep riffle" 2009 13 6 6 22 603 130 -0.77640612062041
"feather river_steep riffle" 2010 51 6 7 7 998 204 -0.386268434327307
"feather river_steep riffle" 2010 53 6 7 9 1492 306 -0.439816744210678
"feather river_steep riffle" 2010 1 6 7 10 999 354 -0.428342106378528
"feather river_steep riffle" 2010 2 6 7 11 1986 451 -0.00760538586635403
"feather river_steep riffle" 2010 3 6 7 12 1825 432 -0.277259374921881
"feather river_steep riffle" 2010 4 6 7 13 1681 389 -0.289212122663708
"feather river_steep riffle" 2010 5 6 7 14 1996 633 -0.266740956909084
"feather river_steep riffle" 2010 6 6 7 15 1982 495 -0.118526884910475
"feather river_steep riffle" 2010 7 6 7 16 1995 617 -0.184506052445338
"feather river_steep riffle" 2010 8 6 7 17 1044 284 -0.273434495644501
"feather river_steep riffle" 2010 9 6 7 18 1004 256 -0.335588783901985
"feather river_steep riffle" 2010 10 6 7 19 1014 277 -0.336545003721327
"feather river_steep riffle" 2010 11 6 7 20 999 220 -0.37957489559189
"feather river_steep riffle" 2010 12 6 7 21 598 193 -0.360928609114646
"feather river_steep riffle" 2010 13 6 7 22 100 21 -0.207045519615636
"feather river_steep riffle" 2010 14 6 7 23 178 16 0.0803668375134564
"feather river_steep riffle" 2010 15 6 7 24 157 15 -0.273434495644501
"feather river_steep riffle" 2010 16 6 7 25 107 11 -0.00951782550504919
"feather river_steep riffle" 2011 49 6 8 5 995 225 0.256311284273098
"feather river_steep riffle" 2011 52 6 8 8 999 189 0.271610801382628
"feather river_steep riffle" 2011 1 6 8 10 1985 552 0.357670585123754
"feather river_steep riffle" 2011 2 6 8 11 1987 471 0.405481576091049
"feather river_steep riffle" 2011 4 6 8 13 991 165 0.265873482466553
"feather river_steep riffle" 2011 5 6 8 14 1230 46 0.348108386930299
"feather river_steep riffle" 2011 6 6 8 15 1490 77 0.244517906501164
"feather river_steep riffle" 2011 7 6 8 16 744 153 0.18841967709954
"feather river_steep riffle" 2011 8 6 8 17 494 80 0.188009868605538
"feather river_steep riffle" 2011 9 6 8 18 466 48 0.248661525718328
"feather river_steep riffle" 2011 10 6 8 19 723 148 0.227146579783047
"feather river_steep riffle" 2011 14 6 8 23 419 46 0.902715882150883
"feather river_steep riffle" 2012 49 6 9 5 1286 79 0.435124390490767
"feather river_steep riffle" 2012 50 6 9 6 531 66 0.526921493147968
"feather river_steep riffle" 2012 51 6 9 7 505 82 0.367232783317209
"feather river_steep riffle" 2012 52 6 9 8 626 88 0.349064606749641
"feather river_steep riffle" 2012 1 6 9 10 908 74 0.363407904039829
"feather river_steep riffle" 2012 2 6 9 11 596 17 0.231449568970103
"feather river_steep riffle" 2012 3 6 9 12 887 96 0.189375896918882
"feather river_steep riffle" 2012 4 6 9 13 889 96 0.144752305349408
"feather river_steep riffle" 2012 5 6 9 14 895 116 -0.138607501116738
"feather river_steep riffle" 2012 6 6 9 15 896 113 -0.168728425426132
"feather river_steep riffle" 2012 7 6 9 16 818 115 -0.392515737147039
"feather river_steep riffle" 2012 8 6 9 17 586 100 -0.32449663399757
"feather river_steep riffle" 2012 9 6 9 18 893 126 -0.219248705881574
"feather river_steep riffle" 2012 10 6 9 19 785 101 -0.168887795396024
"feather river_steep riffle" 2012 11 6 9 20 246 13 -0.187374711903376
"feather river_steep riffle" 2015 10 6 19 19 1087 133 1.43692402122543
"feather river_steep riffle" 2015 11 6 19 20 1027 93 1.59348907964632
"feather river_steep riffle" 2015 13 6 19 22 570 43 1.06049215234295
"feather river_steep riffle" 2015 14 6 19 23 251 17 3.77280966991743
"feather river_sunset pumps" 2007 11 8 18 20 981 6 2.34263824636929
"feather river_sunset pumps" 2007 13 8 18 22 782 3 5.07602829579714
"feather river_sunset pumps" 2009 3 8 6 12 506 50 -0.882875656416294
"feather river_sunset pumps" 2009 4 8 6 13 559 54 -0.886914082824095
"feather river_sunset pumps" 2009 5 8 6 14 1167 60 -0.978957466577052
"feather river_sunset pumps" 2009 6 8 6 15 506 20 -0.952929989405274
"feather river_sunset pumps" 2009 7 8 6 16 1054 157 -0.902983049880617
"feather river_sunset pumps" 2009 8 8 6 17 507 4 -0.87172289231522
"feather river_sunset pumps" 2009 9 8 6 18 518 7 -0.902479410644106
"feather river_sunset pumps" 2009 10 8 6 19 599 4 -1.1360342969157
"feather river_sunset pumps" 2009 11 8 6 20 688 81 -1.27132922658953
"feather river_sunset pumps" 2009 12 8 6 21 271 27 -1.31106027468596
"feather river_sunset pumps" 2009 13 8 6 22 303 23 -1.33149881210387
"feather river_sunset pumps" 2010 2 8 7 11 317 2 0.249083957104709
"feather river_sunset pumps" 2010 3 8 7 12 508 1 0.133370683248246
"feather river_sunset pumps" 2010 4 8 7 13 796 6 0.0267799109555745
"feather river_sunset pumps" 2010 5 8 7 14 1218 6 -0.0143566345581846
"feather river_sunset pumps" 2010 6 8 7 15 662 29 -0.0147955985769547
"feather river_sunset pumps" 2010 7 8 7 16 1571 78 -0.0309299435589797
"feather river_sunset pumps" 2010 8 8 7 17 1000 28 0.0107448401811308
"feather river_sunset pumps" 2010 9 8 7 18 1996 44 0.0145709716988772
"feather river_sunset pumps" 2010 10 8 7 19 1995 93 -0.0402218637385161
"feather river_sunset pumps" 2010 11 8 7 20 1991 100 -0.0714195481222669
"feather river_sunset pumps" 2010 12 8 7 21 495 33 -0.085942907683448
"feather river_sunset pumps" 2010 13 8 7 22 648 19 -0.0734753268949385
"feather river_sunset pumps" 2010 14 8 7 23 243 16 -1.35479925159028
"feather river_sunset pumps" 2011 2 8 8 11 1297 9 0.998719874278948
"feather river_sunset pumps" 2011 3 8 8 12 1977 35 0.996664096147051
"feather river_sunset pumps" 2011 4 8 8 13 3024 35 0.968007792399952
"feather river_sunset pumps" 2011 5 8 8 14 1499 20 1.07997651640673
"feather river_sunset pumps" 2011 6 8 8 15 1000 10 1.07178677556928
"feather river_sunset pumps" 2011 8 8 8 17 500 10 1.19642930307274
"feather river_sunset pumps" 2011 9 8 8 18 1958 11 1.12632381237603
"feather river_sunset pumps" 2011 10 8 8 19 3273 14 1.12041127328432
