"Trib" "RunYr" "Wk" "TribInd" "YrInd" "WkInd" "Rel1" "Recap1" "mr_flow"
"battle creek_ubc" 2004 2 1 1 11 147 15 0.00804831317635895
"battle creek_ubc" 2004 4 1 1 13 428 35 -0.487007746083626
"battle creek_ubc" 2004 5 1 1 14 387 53 0.0970871727554929
"battle creek_ubc" 2004 6 1 1 15 789 62 0.292972663829588
"battle creek_ubc" 2004 7 1 1 16 400 45 -0.308930026925358
"battle creek_ubc" 2004 8 1 1 17 282 19 1.65704799258192
"battle creek_ubc" 2004 10 1 1 19 725 54 0.855698256369715
"battle creek_ubc" 2004 11 1 1 20 450 45 0.663374319678785
"battle creek_ubc" 2004 13 1 1 22 269 26 0.934052452799352
"battle creek_ubc" 2004 14 1 1 23 272 6 0.506665926819509
"battle creek_ubc" 2004 15 1 1 24 157 2 0.317903544511745
"battle creek_ubc" 2004 16 1 1 25 597 12 0.218180021783115
"battle creek_ubc" 2005 1 1 2 10 105 4 -0.0952367639354365
"battle creek_ubc" 2005 2 1 2 11 221 6 -0.221671944537807
"battle creek_ubc" 2005 3 1 2 12 380 16 -0.682893237157721
"battle creek_ubc" 2005 4 1 2 13 791 17 0.471050382987856
"battle creek_ubc" 2005 5 1 2 14 861 25 -0.472761528550965
"battle creek_ubc" 2005 6 1 2 15 814 35 -0.681112459966138
"battle creek_ubc" 2005 7 1 2 16 848 65 -0.526184844298445
"battle creek_ubc" 2005 8 1 2 17 839 69 0.179002923568296
"battle creek_ubc" 2005 9 1 2 18 676 33 0.113114167479737
"battle creek_ubc" 2005 10 1 2 19 912 68 -0.305368472542193
"battle creek_ubc" 2005 11 1 2 20 318 21 -0.305368472542193
"battle creek_ubc" 2005 12 1 2 21 225 6 0.0205137535174377
"battle creek_ubc" 2005 13 1 2 22 237 9 -0.0133210131226332
"battle creek_ubc" 2005 14 1 2 23 350 24 -0.227014276112555
"battle creek_ubc" 2005 15 1 2 24 554 25 -0.00619790435630248
"battle creek_ubc" 2005 16 1 2 25 89 7 -0.202083395430397
"battle creek_ubc" 2005 17 1 2 26 100 2 -0.205644949813563
"battle creek_ubc" 2005 18 1 2 27 113 4 -0.162906297215578
"battle creek_ubc" 2005 19 1 2 28 65 1 1.27596167358323
"battle creek_ubc" 2006 5 1 3 14 197 3 1.21541524906942
"battle creek_ubc" 2006 6 1 3 15 507 19 2.18059648690723
"battle creek_ubc" 2006 7 1 3 16 410 12 0.663374319678785
"battle creek_ubc" 2006 8 1 3 17 425 16 0.339272870810737
"battle creek_ubc" 2006 12 1 3 21 464 12 1.1655534877051
"battle creek_ubc" 2008 52 1 4 8 249 6 -0.917955826446635
"battle creek_ubc" 2008 1 1 4 10 254 4 -0.736316552905201
"battle creek_ubc" 2008 2 1 4 11 1578 54 -0.0578404429122002
"battle creek_ubc" 2008 3 1 4 12 1245 49 -0.588512046003839
"battle creek_ubc" 2008 4 1 4 13 1033 26 0.485296600520517
"battle creek_ubc" 2008 5 1 4 14 1218 43 0.488858154903682
"battle creek_ubc" 2008 6 1 4 15 1205 30 -0.25016437960313
"battle creek_ubc" 2008 7 1 4 16 1209 92 -0.641935361751319
"battle creek_ubc" 2008 8 1 4 17 1204 29 -0.6953586774988
"battle creek_ubc" 2008 9 1 4 18 1221 35 0.244891679656855
"battle creek_ubc" 2008 10 1 4 19 981 21 -0.435365207527728
"battle creek_ubc" 2008 11 1 4 20 1215 24 -0.460296088209886
"battle creek_ubc" 2008 12 1 4 21 1392 48 -0.352855864199012
"battle creek_ubc" 2008 13 1 4 22 754 27 -0.394407332121327
"battle creek_ubc" 2008 14 1 4 23 607 20 -0.44961142506039
"battle creek_ubc" 2008 15 1 4 24 309 33 -0.483446191700461
"battle creek_ubc" 2009 52 1 5 8 506 12 -0.718508780989374
"battle creek_ubc" 2009 1 1 5 10 1012 26 -0.887682614189729
"battle creek_ubc" 2009 2 1 5 11 1006 48 -0.935763598362461
"battle creek_ubc" 2009 3 1 5 12 1012 22 -0.939325152745627
"battle creek_ubc" 2009 4 1 5 13 2490 94 -0.297533052899229
"battle creek_ubc" 2009 5 1 5 14 2922 140 -0.779055205503186
"battle creek_ubc" 2009 6 1 5 15 3114 136 -0.825355412484335
"battle creek_ubc" 2009 7 1 5 16 1001 14 2.91783824422246
"battle creek_ubc" 2009 8 1 5 17 1820 112 2.93564601613828
"battle creek_ubc" 2009 10 1 5 19 2252 85 1.10215781968476
"battle creek_ubc" 2009 11 1 5 20 2224 102 -0.0724428158831782
"battle creek_ubc" 2009 12 1 5 21 2121 82 -0.0845521007859404
"battle creek_ubc" 2009 13 1 5 22 2009 66 -0.221671944537807
"battle creek_ubc" 2009 14 1 5 23 2025 63 -0.371257228630752
"battle creek_ubc" 2010 1 1 6 10 1511 74 -0.868094065082319
"battle creek_ubc" 2010 2 1 6 11 516 47 -0.939325152745627
"battle creek_ubc" 2010 4 1 6 13 505 47 1.40773918576035
"battle creek_ubc" 2010 5 1 6 14 1008 40 0.228864684932611
"battle creek_ubc" 2010 6 1 6 15 846 26 0.755974733641084
"battle creek_ubc" 2010 7 1 6 16 1012 99 -0.102359872701767
"battle creek_ubc" 2010 8 1 6 17 1394 173 -0.380161114588665
"battle creek_ubc" 2011 2 1 7 11 1018 70 -0.426461321569815
"battle creek_ubc" 2011 3 1 7 12 746 39 -0.212768058579893
"battle creek_ubc" 2011 4 1 7 13 1555 132 -0.346326347948594
"battle creek_ubc" 2011 5 1 7 14 2010 159 -0.428242098761398
"battle creek_ubc" 2011 6 1 7 15 995 69 -0.52262328991528
"battle creek_ubc" 2011 8 1 7 17 987 46 0.585020123249147
"battle creek_ubc" 2011 9 1 7 18 1123 72 -0.362353342672838
"battle creek_ubc" 2011 10 1 7 19 995 52 0.0222945307090204
"battle creek_ubc" 2012 2 1 8 11 625 61 -0.950009815895123
"battle creek_ubc" 2012 3 1 8 12 383 37 -0.996310022876272
"battle creek_ubc" 2012 4 1 8 13 1217 107 2.32092172960394
"battle creek_ubc" 2012 5 1 8 14 1229 173 -0.647277693326067
"battle creek_ubc" 2012 6 1 8 15 655 63 -0.732754998522036
"battle creek_ubc" 2012 7 1 8 16 607 56 -0.03112878503846
"battle creek_ubc" 2012 8 1 8 17 602 75 -0.747001216054697
"battle creek_ubc" 2012 9 1 8 18 620 46 -0.796862977419012
"battle creek_ubc" 2012 10 1 8 19 590 55 -0.757685879204193
"battle creek_ubc" 2012 12 1 8 21 496 23 0.285849555063257
"battle creek_ubc" 2013 4 1 9 13 406 31 -0.458515311018303
"battle creek_ubc" 2013 5 1 9 14 373 29 -0.145098525299752
"battle creek_ubc" 2013 6 1 9 15 509 30 -0.287560700626366
"battle creek_ubc" 2013 7 1 9 16 388 18 -0.369476451439169
"battle creek_ubc" 2013 8 1 9 17 351 38 -0.365914897056004
"battle creek_ubc" 2013 9 1 9 18 345 25 -0.469199974167799
"battle creek_ubc" 2014 5 1 10 14 980 108 -1.06754111053958
"battle creek_ubc" 2014 8 1 10 17 536 41 -0.793301423035847
"battle creek_ubc" 2016 50 1 11 6 134 4 0.186126032334627
"battle creek_ubc" 2016 3 1 11 12 271 7 1.72827908024523
"battle creek_ubc" 2016 11 1 11 20 996 24 5.01915533029002
"battle creek_ubc" 2017 52 1 12 8 475 14 0.727482298575762
"battle creek_ubc" 2017 53 1 12 9 506 17 0.125579607820816
"battle creek_ubc" 2017 4 1 12 13 523 33 1.36856208754553
"battle creek_ubc" 2017 5 1 12 14 554 21 0.649128102146124
"battle creek_ubc" 2018 3 1 13 12 333 11 -0.426461321569815
"battle creek_ubc" 2018 5 1 13 14 411 25 -0.216329612963059
"battle creek_ubc" 2018 7 1 13 16 299 11 -0.426461321569815
"battle creek_ubc" 2018 11 1 13 20 402 18 -0.469199974167799
"battle creek_ubc" 2018 14 1 13 23 499 21 0.310780435745415
"battle creek_ubc" 2019 1 1 14 10 224 25 -0.625908367027075
"battle creek_ubc" 2019 6 1 14 15 300 22 3.13153150721238
"battle creek_ubc" 2020 4 1 15 13 208 1 -0.070305883253279
"battle creek_ubc" 2020 6 1 15 15 906 43 -0.52974639868161
"battle creek_ubc" 2020 7 1 15 16 1143 16 -0.697139454690382
"battle creek_ubc" 2021 45 1 16 1 332 47 -1.04617178424059
"battle creek_ubc" 2021 46 1 16 2 336 42 -1.03548712109109
"battle creek_ubc" 2021 51 1 16 7 295 10 -0.654400802092398
"battle creek_ubc" 2021 5 1 16 14 404 3 -0.910832717680304
"battle creek_ubc" 2021 6 1 16 15 298 11 -0.871655619465485
"battle creek_ubc" 2021 9 1 16 18 320 14 -0.910832717680304
"battle creek_ubc" 2021 10 1 16 19 449 0 -0.789739868652682
"clear creek_lcc" 2003 4 2 17 13 1971 106 0.00602425492610675
"clear creek_lcc" 2003 5 2 17 14 2037 103 0.21753718364926
"clear creek_lcc" 2003 6 2 17 15 1985 97 -0.327809403661039
"clear creek_lcc" 2003 7 2 17 16 1960 80 -0.294680872656208
"clear creek_lcc" 2003 8 2 17 17 902 39 -0.20803702233588
"clear creek_lcc" 2003 9 2 17 18 1953 126 -0.381324722976536
"clear creek_lcc" 2003 10 2 17 19 1476 173 -0.427194996675533
"clear creek_lcc" 2003 11 2 17 20 1368 94 0.877559455207053
"clear creek_lcc" 2003 12 2 17 21 373 16 -0.0500394129282231
"clear creek_lcc" 2003 13 2 17 22 276 18 -0.269197387267876
"clear creek_lcc" 2003 14 2 17 23 45 4 -0.371131328821203
"clear creek_lcc" 2003 15 2 17 24 175 4 -0.386421420054202
"clear creek_lcc" 2003 16 2 17 25 201 14 0.948913214294382
"clear creek_lcc" 2003 17 2 17 26 555 34 -0.0704262012388885
"clear creek_lcc" 2003 18 2 17 27 98 4 7.36565483507632
"clear creek_lcc" 2003 20 2 17 29 388 12 -0.243713901879545
"clear creek_lcc" 2004 49 2 1 5 14 3 -0.396614814209535
"clear creek_lcc" 2004 50 2 1 6 259 5 -0.284487478500875
"clear creek_lcc" 2004 51 2 1 7 346 14 -0.223327113568879
"clear creek_lcc" 2004 2 2 1 11 247 13 0.372986444518084
"clear creek_lcc" 2004 5 2 1 14 398 25 -0.248810598957211
"clear creek_lcc" 2004 6 2 1 15 793 40 0.0646362713192698
"clear creek_lcc" 2004 7 2 1 16 447 12 -0.294680872656208
"clear creek_lcc" 2004 8 2 1 17 398 11 0.520790659770408
"clear creek_lcc" 2004 9 2 1 18 402 11 0.928526425983717
"clear creek_lcc" 2004 10 2 1 19 693 17 0.589596070318904
"clear creek_lcc" 2004 11 2 1 20 782 22 -0.15197335448155
"clear creek_lcc" 2004 13 2 1 22 368 7 -0.366034631743537
"clear creek_lcc" 2005 1 2 2 10 662 12 -0.106103080782553
"clear creek_lcc" 2005 2 2 2 11 690 29 0.0544428771639371
"clear creek_lcc" 2005 3 2 2 12 452 7 -0.322712706583373
"clear creek_lcc" 2005 4 2 2 13 855 11 -0.248810598957211
"clear creek_lcc" 2005 5 2 2 14 835 32 -0.136683263248551
"clear creek_lcc" 2005 6 2 2 15 820 31 -0.386421420054202
"clear creek_lcc" 2005 7 2 2 16 759 26 -0.409356556903701
"clear creek_lcc" 2005 8 2 2 17 809 12 0.115603242095933
"clear creek_lcc" 2005 9 2 2 18 724 18 0.118151590634767
"clear creek_lcc" 2005 10 2 2 19 475 5 -0.230972159185379
"clear creek_lcc" 2005 11 2 2 20 92 2 -0.366034631743537
"clear creek_lcc" 2005 12 2 2 21 319 1 3.95086779303986
"clear creek_lcc" 2005 13 2 2 22 641 54 0.327116170819087
"clear creek_lcc" 2005 14 2 2 23 600 48 -0.0296526246175577
"clear creek_lcc" 2005 15 2 2 24 582 56 0.00347590638727358
"clear creek_lcc" 2005 16 2 2 25 273 16 -0.238617204801878
"clear creek_lcc" 2005 17 2 2 26 120 9 -0.269197387267876
"clear creek_lcc" 2005 18 2 2 27 191 9 -0.358389586127037
"clear creek_lcc" 2005 19 2 2 28 96 3 0.327116170819087
"clear creek_lcc" 2006 51 2 3 7 186 8 0.709368451644063
"clear creek_lcc" 2006 3 2 3 12 392 14 0.39337323282875
"clear creek_lcc" 2006 4 2 3 13 803 32 -0.106103080782553
"clear creek_lcc" 2006 5 2 3 14 765 30 0.673691572100399
"clear creek_lcc" 2006 6 2 3 15 687 24 0.100313150862934
"clear creek_lcc" 2006 7 2 3 16 393 23 -0.269197387267876
"clear creek_lcc" 2006 8 2 3 17 407 21 -0.350744540510538
"clear creek_lcc" 2006 9 2 3 18 396 12 0.60233781301307
"clear creek_lcc" 2006 10 2 3 19 415 10 1.11710421785737
"clear creek_lcc" 2006 11 2 3 20 412 12 0.892849546440052
"clear creek_lcc" 2006 12 2 3 21 299 11 0.367889747440418
"clear creek_lcc" 2006 13 2 3 22 140 4 0.429050112372414
"clear creek_lcc" 2006 14 2 3 23 177 4 1.718514473022
"clear creek_lcc" 2006 16 2 3 25 135 2 1.32097210096403
"clear creek_lcc" 2007 2 2 18 11 340 14 -0.513838846995861
"clear creek_lcc" 2007 4 2 18 13 401 30 -0.559709120694858
"clear creek_lcc" 2007 5 2 18 14 399 19 -0.559709120694858
"clear creek_lcc" 2007 6 2 18 15 778 25 -0.531677286767694
"clear creek_lcc" 2007 7 2 18 16 389 3 0.627821298401402
"clear creek_lcc" 2007 8 2 18 17 832 27 -0.475613618913364
"clear creek_lcc" 2007 9 2 18 18 405 12 0.107958196479434
"clear creek_lcc" 2007 10 2 18 19 398 4 -0.330357752199873
"clear creek_lcc" 2007 11 2 18 20 398 9 -0.427194996675533
"clear creek_lcc" 2007 12 2 18 21 410 8 -0.478161967452197
"clear creek_lcc" 2007 13 2 18 22 396 15 -0.48835536160753
"clear creek_lcc" 2007 14 2 18 23 413 6 -0.508742149918195
"clear creek_lcc" 2007 15 2 18 24 396 10 -0.442485087908532
"clear creek_lcc" 2007 16 2 18 25 397 8 -0.4322916937532
"clear creek_lcc" 2007 17 2 18 26 415 17 -0.350744540510538
"clear creek_lcc" 2007 18 2 18 27 343 5 -0.467968573296864
"clear creek_lcc" 2007 20 2 18 29 302 13 -0.498548755762862
"clear creek_lcc" 2008 51 2 4 7 402 12 0.39337323282875
"clear creek_lcc" 2008 53 2 4 9 398 29 -0.554612423617192
"clear creek_lcc" 2008 2 2 4 11 798 24 0.123248287712433
"clear creek_lcc" 2008 3 2 4 12 797 45 -0.404259859826035
"clear creek_lcc" 2008 4 2 4 13 822 26 -0.506193801379362
"clear creek_lcc" 2008 5 2 4 14 401 18 0.505500568537409
"clear creek_lcc" 2008 6 2 4 15 826 31 0.81894743881389
"clear creek_lcc" 2008 7 2 4 16 817 25 -0.289584175578542
"clear creek_lcc" 2008 8 2 4 17 804 32 -0.417001602520201
"clear creek_lcc" 2008 9 2 4 18 798 33 2.55182444522045
"clear creek_lcc" 2008 10 2 4 19 772 49 -0.259003993112544
"clear creek_lcc" 2008 11 2 4 20 809 38 -0.391518117131869
"clear creek_lcc" 2008 12 2 4 21 401 14 -0.4322916937532
"clear creek_lcc" 2008 13 2 4 22 802 42 -0.485807013068696
"clear creek_lcc" 2008 14 2 4 23 805 40 -0.501097104301695
"clear creek_lcc" 2008 15 2 4 24 411 32 -0.508742149918195
"clear creek_lcc" 2009 51 2 5 7 800 78 -0.615772788549188
"clear creek_lcc" 2009 52 2 5 8 310 39 -0.615772788549188
"clear creek_lcc" 2009 1 2 5 10 1199 105 -0.588590404304858
"clear creek_lcc" 2009 2 2 5 11 787 37 -0.546967378000693
"clear creek_lcc" 2009 3 2 5 12 809 27 -0.552064075078359
"clear creek_lcc" 2009 4 2 5 13 799 46 -0.549515726539526
"clear creek_lcc" 2009 5 2 5 14 811 37 -0.549515726539526
"clear creek_lcc" 2009 6 2 5 15 410 10 -0.518935544073528
"clear creek_lcc" 2009 8 2 5 17 1218 54 2.62827490138545
"clear creek_lcc" 2009 9 2 5 18 433 6 2.55946949083695
"clear creek_lcc" 2009 10 2 5 19 507 22 -0.187650234025215
"clear creek_lcc" 2009 11 2 5 20 511 38 1.67774089640067
"clear creek_lcc" 2009 12 2 5 21 500 49 -0.202940325258214
"clear creek_lcc" 2009 13 2 5 22 994 75 -0.325261055122206
"clear creek_lcc" 2009 15 2 5 24 308 28 -0.274294084345543
"clear creek_lcc" 2009 16 2 5 25 645 50 -0.378776374437703
"clear creek_lcc" 2009 17 2 5 26 794 69 -0.467968573296864
"clear creek_lcc" 2009 18 2 5 27 318 14 1.64206401685701
"clear creek_lcc" 2009 19 2 5 28 233 16 -0.090812989549554
"clear creek_lcc" 2010 1 2 6 10 1465 66 -0.325261055122206
"clear creek_lcc" 2010 3 2 6 12 803 9 -0.289584175578542
"clear creek_lcc" 2010 4 2 6 13 404 12 2.72766049439994
"clear creek_lcc" 2010 5 2 6 14 610 22 0.0213143461591058
"clear creek_lcc" 2010 6 2 6 15 559 20 0.775625513653726
"clear creek_lcc" 2010 9 2 6 18 659 23 0.71446514872173
"clear creek_lcc" 2010 16 2 6 25 194 2 0.383179838673417
"clear creek_lcc" 2011 1 2 7 10 1040 58 0.0875714081687684
"clear creek_lcc" 2011 2 2 7 11 1055 63 -0.327299733953273
"clear creek_lcc" 2011 3 2 7 12 1218 96 -0.309970963889207
"clear creek_lcc" 2011 4 2 7 13 1230 76 -0.417001602520201
"clear creek_lcc" 2011 5 2 7 14 1185 74 -0.470516921835697
"clear creek_lcc" 2011 6 2 7 15 1199 83 -0.511290498457028
"clear creek_lcc" 2011 7 2 7 16 1195 103 -0.185101885486381
"clear creek_lcc" 2011 8 2 7 17 1186 61 0.148731773100765
"clear creek_lcc" 2011 9 2 7 18 1358 52 -0.222307774153346
"clear creek_lcc" 2011 10 2 7 19 1336 85 0.475939725486944
"clear creek_lcc" 2011 11 2 7 20 302 11 -0.0959096866272203
"clear creek_lcc" 2011 13 2 7 22 227 24 1.89689887074032
"clear creek_lcc" 2011 17 2 7 26 93 7 -0.177456839869882
"clear creek_lcc" 2012 2 2 8 11 615 49 -0.559709120694858
"clear creek_lcc" 2012 3 2 8 12 630 23 -0.564805817772525
"clear creek_lcc" 2012 4 2 8 13 620 57 -0.126489869093218
"clear creek_lcc" 2012 5 2 8 14 600 38 -0.467968573296864
"clear creek_lcc" 2012 6 2 8 15 609 29 -0.503645452840529
"clear creek_lcc" 2012 7 2 8 16 594 54 -0.478161967452197
"clear creek_lcc" 2012 8 2 8 17 619 18 -0.493452058685196
"clear creek_lcc" 2012 9 2 8 18 617 40 -0.513838846995861
"clear creek_lcc" 2012 10 2 8 19 608 51 -0.498548755762862
"clear creek_lcc" 2012 11 2 8 20 1204 26 0.757787073881894
"clear creek_lcc" 2012 12 2 8 21 612 45 -0.15197335448155
"clear creek_lcc" 2012 13 2 8 22 540 36 2.13134693631298
"clear creek_lcc" 2012 14 2 8 23 587 48 0.6584014808674
"clear creek_lcc" 2012 15 2 8 24 469 21 -0.0755228983165549
"clear creek_lcc" 2013 2 2 9 11 846 42 -0.381324722976536
"clear creek_lcc" 2013 3 2 9 12 840 40 -0.422098299597867
"clear creek_lcc" 2013 4 2 9 13 623 22 -0.467968573296864
"clear creek_lcc" 2013 6 2 9 15 837 45 -0.503645452840529
"clear creek_lcc" 2013 7 2 9 16 838 56 -0.52912893822886
"clear creek_lcc" 2013 8 2 9 17 795 64 -0.524032241151194
"clear creek_lcc" 2013 9 2 9 18 824 62 -0.544419029461859
"clear creek_lcc" 2013 10 2 9 19 800 54 -0.52912893822886
"clear creek_lcc" 2013 11 2 9 20 792 58 -0.544419029461859
"clear creek_lcc" 2013 12 2 9 21 244 25 -0.549515726539526
"clear creek_lcc" 2013 13 2 9 22 224 14 -0.544419029461859
"clear creek_lcc" 2013 14 2 9 23 336 12 -0.493452058685196
"clear creek_lcc" 2013 15 2 9 24 371 13 1.97844602398299
"clear creek_lcc" 2013 16 2 9 25 206 17 -0.259003993112544
"clear creek_lcc" 2014 1 2 10 10 528 36 -0.605579394393856
"clear creek_lcc" 2014 2 2 10 11 493 39 -0.615772788549188
"clear creek_lcc" 2014 4 2 10 13 1049 57 -0.615772788549188
"clear creek_lcc" 2014 6 2 10 15 1040 44 -0.615772788549188
"clear creek_lcc" 2014 8 2 10 17 1014 23 -0.610676091471522
"clear creek_lcc" 2014 11 2 10 20 1030 59 -0.381324722976536
"clear creek_lcc" 2015 2 2 19 11 519 35 -0.574999211927858
"clear creek_lcc" 2015 4 2 19 13 316 17 -0.631062879782187
"clear creek_lcc" 2015 7 2 19 16 521 50 -0.116296474937886
"clear creek_lcc" 2015 9 2 19 18 390 42 -0.478161967452197
"clear creek_lcc" 2016 46 2 11 2 149 15 -0.478161967452197
"clear creek_lcc" 2016 47 2 11 3 156 14 -0.422098299597867
"clear creek_lcc" 2016 48 2 11 4 267 22 -0.422098299597867
"clear creek_lcc" 2016 49 2 11 5 510 33 -0.32016435804454
"clear creek_lcc" 2016 50 2 11 6 509 44 0.082474711091102
"clear creek_lcc" 2016 51 2 11 7 519 35 -0.146876657403884
"clear creek_lcc" 2016 52 2 11 8 501 5 -0.48835536160753
"clear creek_lcc" 2016 1 2 11 10 462 22 -0.52912893822886
"clear creek_lcc" 2016 2 2 11 11 536 28 0.0518945286251039
"clear creek_lcc" 2016 4 2 11 13 502 29 1.25471503895436
"clear creek_lcc" 2016 5 2 11 14 507 46 0.474920386071411
"clear creek_lcc" 2016 6 2 11 15 506 41 -0.182553536947548
"clear creek_lcc" 2016 8 2 11 17 499 40 -0.233520507724212
"clear creek_lcc" 2016 10 2 11 19 488 19 1.16297449155637
"clear creek_lcc" 2017 51 2 12 7 642 49 0.158925167256097
"clear creek_lcc" 2017 52 2 12 8 360 25 0.143635076023098
"clear creek_lcc" 2017 53 2 12 9 383 34 -0.121393172015552
"clear creek_lcc" 2017 1 2 12 10 500 33 -0.197843628180547
"clear creek_lcc" 2017 4 2 12 13 552 9 2.28934454572063
"clear creek_lcc" 2017 5 2 12 14 769 31 0.638014692556735
"clear creek_lcc" 2018 2 2 13 11 272 9 -0.518935544073528
"clear creek_lcc" 2018 3 2 13 12 509 24 -0.549515726539526
"clear creek_lcc" 2018 4 2 13 13 504 21 -0.549515726539526
"clear creek_lcc" 2018 5 2 13 14 494 30 -0.539322332384193
"clear creek_lcc" 2018 6 2 13 15 496 11 -0.564805817772525
"clear creek_lcc" 2018 7 2 13 16 491 26 -0.590289303160857
"clear creek_lcc" 2018 11 2 13 20 466 18 -0.202940325258214
"clear creek_lcc" 2019 5 2 14 14 600 13 -0.136683263248551
"clear creek_lcc" 2019 6 2 14 15 832 16 1.38722916297369
"clear creek_lcc" 2019 8 2 14 17 806 25 0.678788269178065
"clear creek_lcc" 2020 50 2 15 6 416 12 -0.141779960326217
"clear creek_lcc" 2020 2 2 15 11 494 19 -0.187650234025215
"clear creek_lcc" 2020 3 2 15 12 405 12 -0.172360142792216
"clear creek_lcc" 2020 4 2 15 13 537 12 0.286342594197756
"clear creek_lcc" 2020 5 2 15 14 500 18 0.0620879227804366
"clear creek_lcc" 2020 6 2 15 15 530 12 -0.126489869093218
"clear creek_lcc" 2020 8 2 15 17 650 16 -0.177456839869882
"clear creek_lcc" 2020 9 2 15 18 545 4 -0.197843628180547
"clear creek_lcc" 2021 52 2 16 8 437 13 -0.52912893822886
"clear creek_lcc" 2021 1 2 16 10 426 10 -0.524032241151194
"clear creek_lcc" 2021 2 2 16 11 397 6 -0.48835536160753
"clear creek_lcc" 2021 3 2 16 12 412 14 -0.508742149918195
"clear creek_ucc" 2004 49 3 1 5 20 6 -0.209546286279635
"clear creek_ucc" 2004 50 3 1 6 259 7 -0.0603208432643226
"clear creek_ucc" 2004 51 3 1 7 469 32 0.0210748529258476
"clear creek_ucc" 2004 2 3 1 11 248 11 0.814682890780007
"clear creek_ucc" 2004 5 3 1 14 400 50 -0.0128400204867233
"clear creek_ucc" 2004 6 3 1 15 797 59 0.404312922487899
"clear creek_ucc" 2004 7 3 1 16 367 39 -0.073886792629351
"clear creek_ucc" 2004 8 3 1 17 406 21 1.01138915657292
"clear creek_ucc" 2004 9 3 1 18 405 40 1.55402713117405
"clear creek_ucc" 2004 10 3 1 19 741 89 1.30305706792103
"clear creek_ucc" 2004 11 3 1 20 784 105 0.116036498481046
"clear creek_ucc" 2004 13 3 1 22 388 23 -0.16884843818455
"clear creek_ucc" 2004 14 3 1 23 429 62 -0.182414387549578
"clear creek_ucc" 2004 15 3 1 24 186 11 -0.229895210327177
"clear creek_ucc" 2004 16 3 1 25 353 36 -0.25024413437472
"clear creek_ucc" 2005 1 3 2 10 677 15 0.177083270623674
"clear creek_ucc" 2005 2 3 2 11 814 28 0.214389631377502
"clear creek_ucc" 2005 3 3 2 12 453 27 -0.111193153383179
"clear creek_ucc" 2005 4 3 2 13 799 22 -0.0128400204867233
"clear creek_ucc" 2005 5 3 2 14 870 37 0.136385422528589
"clear creek_ucc" 2005 6 3 2 15 863 43 -0.195980336914606
"clear creek_ucc" 2005 7 3 2 16 760 90 -0.22650372298592
"clear creek_ucc" 2005 8 3 2 17 805 104 0.472142669313041
"clear creek_ucc" 2005 9 3 2 18 806 67 0.475534156654298
"clear creek_ucc" 2005 10 3 2 19 441 40 0.0109003909020763
"clear creek_ucc" 2005 11 3 2 20 97 10 -0.16884843818455
"clear creek_ucc" 2005 12 3 2 21 398 33 5.57633111790497
"clear creek_ucc" 2005 13 3 2 22 613 75 0.75363611863738
"clear creek_ucc" 2005 14 3 2 23 598 64 0.278827890861387
"clear creek_ucc" 2005 15 3 2 24 469 56 0.322917226297729
"clear creek_ucc" 2005 16 3 2 25 373 46 -0.0331889445342659
"clear creek_ucc" 2005 17 3 2 26 62 15 -0.12136761540695
"clear creek_ucc" 2005 18 3 2 27 116 10 -0.155282488819521
"clear creek_ucc" 2005 19 3 2 28 107 23 0.75363611863738
"clear creek_ucc" 2006 51 3 3 7 173 3 1.26235921982594
"clear creek_ucc" 2006 1 3 3 10 392 17 4.45714029529012
"clear creek_ucc" 2006 2 3 3 11 375 8 0.305959789591443
"clear creek_ucc" 2006 3 3 3 12 390 8 0.841814789510064
"clear creek_ucc" 2006 4 3 3 13 809 43 0.177083270623674
"clear creek_ucc" 2006 5 3 3 14 755 24 1.21487839704834
"clear creek_ucc" 2006 6 3 3 15 727 43 0.451793745265498
"clear creek_ucc" 2006 7 3 3 16 399 22 -0.0399719192167801
"clear creek_ucc" 2006 8 3 3 17 417 33 -0.148499514137007
"clear creek_ucc" 2006 9 3 3 18 401 3 1.11991675149315
"clear creek_ucc" 2006 10 3 3 19 425 18 1.80499719442708
"clear creek_ucc" 2006 11 3 3 20 408 3 1.50654630839645
"clear creek_ucc" 2006 12 3 3 21 297 11 0.807899916097493
"clear creek_ucc" 2006 13 3 3 22 135 3 0.889295612287663
"clear creek_ucc" 2006 14 3 3 23 177 12 2.60538820696375
"clear creek_ucc" 2007 50 3 18 6 485 65 0.210998144036245
"clear creek_ucc" 2007 51 3 18 7 361 49 -0.263810083739748
"clear creek_ucc" 2007 52 3 18 8 401 28 0.807899916097493
"clear creek_ucc" 2007 2 3 18 11 353 59 -0.365554703977461
"clear creek_ucc" 2007 3 3 18 12 401 48 -0.426601476120089
"clear creek_ucc" 2007 4 3 18 13 398 52 -0.426601476120089
"clear creek_ucc" 2007 5 3 18 14 408 45 -0.426601476120089
"clear creek_ucc" 2007 6 3 18 15 409 31 -0.351988754612433
"clear creek_ucc" 2007 7 3 18 16 399 43 1.15383162490572
"clear creek_ucc" 2007 9 3 18 18 393 37 0.46196820728927
"clear creek_ucc" 2007 10 3 18 19 382 31 -0.12136761540695
"clear creek_ucc" 2007 11 3 18 20 382 28 -0.25024413437472
"clear creek_ucc" 2007 12 3 18 21 319 27 -0.318073881199862
"clear creek_ucc" 2007 13 3 18 22 380 40 -0.33163983056489
"clear creek_ucc" 2007 14 3 18 23 394 43 -0.358771729294947
"clear creek_ucc" 2007 15 3 18 24 383 34 -0.270593058422262
"clear creek_ucc" 2007 18 3 18 27 85 7 -0.304507931834833
"clear creek_ucc" 2007 20 3 18 29 136 18 -0.345205779929918
"clear creek_ucc" 2008 50 3 4 6 191 19 -0.446950400167631
"clear creek_ucc" 2008 51 3 4 7 400 48 0.841814789510064
"clear creek_ucc" 2008 52 3 4 8 325 47 -0.433384450802603
"clear creek_ucc" 2008 1 3 4 10 496 14 -0.433384450802603
"clear creek_ucc" 2008 2 3 4 11 709 36 0.482317131336812
"clear creek_ucc" 2008 3 3 4 12 803 104 -0.219720748303406
"clear creek_ucc" 2008 4 3 4 13 793 68 -0.35538024195369
"clear creek_ucc" 2008 5 3 4 14 406 31 0.991040232525376
"clear creek_ucc" 2008 6 3 4 15 815 54 1.4081931755
"clear creek_ucc" 2008 7 3 4 16 803 97 -0.0671038179468368
"clear creek_ucc" 2008 8 3 4 17 801 52 -0.236678185009691
"clear creek_ucc" 2008 9 3 4 18 802 88 3.71440456755482
"clear creek_ucc" 2008 10 3 4 19 776 198 -0.0264059698517517
"clear creek_ucc" 2008 11 3 4 20 811 208 -0.202763311597121
"clear creek_ucc" 2008 12 3 4 21 812 77 -0.273984545763519
"clear creek_ucc" 2008 13 3 4 22 394 36 -0.318073881199862
"clear creek_ucc" 2009 49 3 5 5 739 116 -0.569043944452887
"clear creek_ucc" 2009 50 3 5 6 806 107 -0.54191204572283
"clear creek_ucc" 2009 51 3 5 7 821 86 -0.501214197627745
"clear creek_ucc" 2009 52 3 5 8 713 39 -0.480865273580202
"clear creek_ucc" 2009 1 3 5 10 1242 153 -0.465038332880435
"clear creek_ucc" 2009 2 3 5 11 802 94 -0.409644039413803
"clear creek_ucc" 2009 3 3 5 12 812 87 -0.416427014096317
"clear creek_ucc" 2009 4 3 5 13 801 92 -0.41303552675506
"clear creek_ucc" 2009 5 3 5 14 809 103 -0.41303552675506
"clear creek_ucc" 2009 6 3 5 15 406 9 -0.372337678659975
"clear creek_ucc" 2010 51 3 6 7 481 32 0.136385422528589
"clear creek_ucc" 2010 52 3 6 8 501 51 -0.175631412867064
"clear creek_ucc" 2010 53 3 6 9 1478 134 -0.243461159692206
"clear creek_ucc" 2010 4 3 6 13 399 14 3.94841719410156
"clear creek_ucc" 2011 48 3 7 4 135 19 -0.195980336914606
"clear creek_ucc" 2011 49 3 7 5 498 41 -0.209546286279635
"clear creek_ucc" 2011 50 3 7 6 892 122 0.360223587051557
"clear creek_ucc" 2011 51 3 7 7 1111 95 0.285610865543901
"clear creek_ucc" 2012 1 3 8 10 600 58 -0.419818501437574
"clear creek_ucc" 2012 2 3 8 11 610 38 -0.426601476120089
"clear creek_ucc" 2012 3 3 8 12 616 51 -0.182414387549578
"clear creek_ucc" 2012 4 3 8 13 598 46 -0.134933564771979
"clear creek_ucc" 2012 5 3 8 14 607 66 -0.311290906517347
"clear creek_ucc" 2012 6 3 8 15 595 32 -0.229895210327177
"clear creek_ucc" 2013 52 3 9 8 412 25 1.79821421974456
"clear creek_ucc" 2013 1 3 9 10 680 63 0.0142918782433334
"clear creek_ucc" 2014 49 3 10 5 497 81 -0.480865273580202
"clear creek_ucc" 2014 50 3 10 6 507 81 -0.480865273580202
"clear creek_ucc" 2014 51 3 10 7 744 88 -0.480865273580202
"clear creek_ucc" 2014 52 3 10 8 1015 90 -0.480865273580202
"clear creek_ucc" 2014 1 3 10 10 513 43 -0.487648248262716
"clear creek_ucc" 2014 2 3 10 11 495 62 -0.501214197627745
"clear creek_ucc" 2015 52 3 19 8 503 76 -0.107801666041922
"clear creek_ucc" 2015 1 3 19 10 504 45 -0.358771729294947
"clear creek_ucc" 2015 2 3 19 11 532 25 -0.446950400167631
"clear creek_ucc" 2015 4 3 19 13 314 28 -0.521563121675287
"clear creek_ucc" 2016 46 3 11 2 330 33 -0.318073881199862
"clear creek_ucc" 2016 47 3 11 3 227 29 -0.243461159692206
"clear creek_ucc" 2016 49 3 11 5 479 38 -0.107801666041922
"clear creek_ucc" 2016 50 3 11 6 376 27 0.428053333876699
"clear creek_ucc" 2016 52 3 11 8 516 46 -0.33163983056489
"clear creek_ucc" 2016 1 3 11 10 465 15 -0.385903628025004
"clear creek_ucc" 2016 2 3 11 11 502 32 0.387355485781614
"clear creek_ucc" 2016 4 3 11 13 511 24 1.98813751085496
"clear creek_ucc" 2016 5 3 11 14 498 53 0.950342384430291
"clear creek_ucc" 2016 6 3 11 15 517 42 0.0753386503859611
"clear creek_ucc" 2016 8 3 11 17 507 37 0.00750890356081921
"clear creek_ucc" 2016 10 3 11 19 480 31 1.86604396656971
"clear creek_ucc" 2017 47 3 12 3 264 40 1.37766978942868
"clear creek_ucc" 2017 48 3 12 4 268 28 0.780768017367436
"clear creek_ucc" 2017 49 3 12 5 1112 111 0.0188138615911087
"clear creek_ucc" 2017 50 3 12 6 286 36 1.77108232101451
"clear creek_ucc" 2018 49 3 13 5 130 16 -0.440167425485117
"clear creek_ucc" 2018 50 3 13 6 314 26 -0.446950400167631
"clear creek_ucc" 2018 51 3 13 7 237 25 -0.446950400167631
"clear creek_ucc" 2019 1 3 14 10 392 32 -0.263810083739748
"clear creek_ucc" 2020 50 3 15 6 218 21 0.129602447846075
"clear creek_ucc" 2020 52 3 15 8 559 47 0.200823682012473
"clear creek_ucc" 2020 1 3 15 10 248 54 0.0889045997509894
"clear creek_ucc" 2021 49 3 16 5 301 37 -0.385903628025004
"clear creek_ucc" 2021 50 3 16 6 296 42 -0.338422805247404
"clear creek_ucc" 2021 51 3 16 7 296 42 -0.385903628025004
"clear creek_ucc" 2021 52 3 16 8 365 40 -0.351988754612433
"clear creek_ucc" 2021 3 3 16 12 336 47 -0.358771729294947
"clear creek_ucc" 2021 7 3 16 16 326 24 -0.270593058422262
